[-0.18999597 -0.00149086  0.05121674 -0.06419338 -0.00795522 -0.07392628
 -0.02825641 -0.08086459  0.14901364 -0.0945712   0.18850267 -0.03600867
 -0.18040554 -0.13129178 -0.03660267  0.07936196 -0.08234292 -0.15134844
 -0.0588979  -0.1281369   0.05047675  0.00114828  0.05394871  0.03267405
 -0.18575843 -0.34246448 -0.14586155 -0.11406178 -0.00756789 -0.0739413
  0.00622342  0.02825814 -0.26783568 -0.09366697 -0.02752771  0.10021666
  0.04571793  0.01021882  0.13386397  0.03233039 -0.1004246  -0.0934906
  0.08123213  0.23946509  0.11669443  0.09018297 -0.00135047 -0.0078817
  0.03062936 -0.22995979  0.087801    0.10004561  0.08512201  0.02651342
  0.14568482 -0.11430363  0.03600224  0.06508245 -0.16995083  0.05572869
 -0.03969067  0.03402102 -0.07475115 -0.01573564  0.22740065  0.1341795
 -0.07136851 -0.09357733  0.19376786 -0.11856813  0.01912708  0.05796154
 -0.07855434 -0.17647642 -0.26025832  0.08606819  0.40071172  0.11444416
 -0.11705516  0.10109092 -0.07849663 -0.07759897  0.03267132 -0.01937433
 -0.12405556  0.13034877 -0.06331423  0.11734201  0.12539352  0.03250272
 -0.0158516   0.16871394 -0.06239958  0.05762847  0.07392384  0.03800138
 -0.10233837  0.04540311 -0.1296245   0.01712183  0.14494798 -0.03984985
  0.02369334  0.06504123 -0.12951724  0.05827891 -0.00253294 -0.1017947
 -0.07376003  0.04229638 -0.14333217 -0.04241925  0.09212057 -0.24775749
  0.16540156  0.16055912 -0.06509399  0.15973563  0.0883251   0.03378245
  0.04877582  0.00047801 -0.1162623  -0.05759789  0.06022018 -0.06198202
  0.04536122  0.04486828] sep TsvzJjXLCA1QbMIpDRm1XT7nbXR5F1Ns3azceLrHpTI sep [Type Name Here] 
[-0.18396975  0.00568328  0.0606024  -0.0648067  -0.02038971 -0.0658764
 -0.02799921 -0.07405954  0.15092111 -0.08555614  0.20240647 -0.03262268
 -0.18311483 -0.12644708 -0.03316298  0.07174782 -0.08450642 -0.1434537
 -0.05813691 -0.1338352   0.04879412  0.01560306  0.06036629  0.02687994
 -0.20320034 -0.34688023 -0.14112177 -0.11848417 -0.01591444 -0.07182804
  0.01130097  0.02705065 -0.26675054 -0.09577316 -0.02420179  0.08662815
  0.04566978  0.01540091  0.12261629  0.01524534 -0.09830578 -0.08551008
  0.08612236  0.23582035  0.11523841  0.09172897 -0.00115342 -0.01585324
  0.02517469 -0.21949776  0.09080739  0.09955604  0.061619    0.02219495
  0.15087074 -0.11226431  0.02162963  0.06969716 -0.16491739  0.05416114
 -0.04436191  0.0515483  -0.06372183 -0.03213204  0.22215655  0.12717463
 -0.0725539  -0.10584852  0.17466353 -0.1270539   0.01393405  0.06639184
 -0.08348276 -0.17189489 -0.27154824  0.07699261  0.39372894  0.099447
 -0.11428661  0.09267516 -0.07652495 -0.08512606  0.02704075 -0.02736172
 -0.1198212   0.12820677 -0.06374142  0.12121692  0.13724665  0.03165001
 -0.01620167  0.18101138 -0.06670164  0.05031901  0.07389441  0.04893201
 -0.11380826  0.04799633 -0.12785327  0.02657881  0.13697538 -0.04109549
  0.01828953  0.07126481 -0.13419153  0.05878954 -0.00867528 -0.09394498
 -0.07786474  0.03935801 -0.14733489 -0.04435621  0.10498285 -0.24903293
  0.16433287  0.15441172 -0.05691775  0.1566714   0.0813778   0.02275056
  0.03461853  0.00884916 -0.11931339 -0.05015809  0.05420744 -0.07903212
  0.04731489  0.04709414] sep F3OFlWpVROpIcpDXAVYiEt2N9siUwYZpvtry9jxSlNM sep [Type Name Here] 
[-0.17745551  0.00310698  0.05692239 -0.06505452 -0.02703353 -0.07994657
 -0.03411845 -0.08184718  0.14556634 -0.09147467  0.20619164 -0.03668915
 -0.17676994 -0.13832867 -0.03281597  0.07968995 -0.07629313 -0.14333417
 -0.05648236 -0.12916452  0.04682636  0.01381256  0.06821962  0.0297231
 -0.18363331 -0.35197526 -0.13540252 -0.11566357 -0.00901187 -0.07306217
  0.00130337  0.03547573 -0.27008808 -0.09894188 -0.02027898  0.09438323
  0.0372966   0.0142382   0.13591856  0.02765927 -0.10035685 -0.08908479
  0.07937357  0.23575735  0.1162018   0.08206102  0.00074474 -0.01919574
  0.0336174  -0.22035791  0.09378585  0.09889679  0.08062112  0.01723702
  0.15201084 -0.10817786  0.02913533  0.07077613 -0.17059994  0.04627589
 -0.04219856  0.0357692  -0.0758075  -0.03969791  0.22843173  0.12557282
 -0.06607917 -0.09937064  0.17232397 -0.11733995  0.01052109  0.06422178
 -0.08409119 -0.16685675 -0.27766243  0.07566413  0.38416076  0.10303818
 -0.12057749  0.09629007 -0.07377661 -0.08626299  0.02403302 -0.02257927
 -0.11553583  0.12640005 -0.06212923  0.11627979  0.12195137  0.01780651
 -0.0134771   0.17245278 -0.06809242  0.06286788  0.06711594  0.03221322
 -0.11346172  0.04448276 -0.12541476  0.01939601  0.13103008 -0.04100696
  0.01875475  0.06376004 -0.14359255  0.05289053 -0.00973586 -0.10195706
 -0.07197034  0.02699107 -0.13868059 -0.04844516  0.09222928 -0.24921973
  0.1695734   0.15533943 -0.05432607  0.1630982   0.08077817  0.02022639
  0.03389653  0.00377815 -0.11712179 -0.04888375  0.06191938 -0.07024406
  0.04284216  0.04369114] sep VP6zOzFuJPsO0q12P5SYqugsdmSINTLDwj8fU-n1SHw sep [Type Name Here] 
[-1.76702186e-01 -3.93752940e-03  6.80135787e-02 -6.90170377e-02
 -2.21137460e-02 -7.31780156e-02 -3.23266312e-02 -7.78018534e-02
  1.51506186e-01 -9.92255285e-02  2.09002569e-01 -4.66673113e-02
 -1.80833220e-01 -1.33583024e-01 -4.07702848e-02  8.88422430e-02
 -8.21751207e-02 -1.39625728e-01 -6.43110424e-02 -1.26943037e-01
  4.09278683e-02  8.44650203e-05  4.84712832e-02  3.54103334e-02
 -1.84542865e-01 -3.43455851e-01 -1.37640670e-01 -1.11946739e-01
 -2.69899443e-02 -7.68576488e-02 -7.77932350e-03  3.35308127e-02
 -2.70385772e-01 -1.05456457e-01 -2.77108438e-02  8.79523382e-02
  4.64915112e-02  1.71165615e-02  1.24048360e-01  1.24080060e-02
 -1.05654098e-01 -9.50431526e-02  8.98712054e-02  2.26054281e-01
  1.12919062e-01  8.87065306e-02 -4.32979874e-03 -9.50021669e-03
  4.11782041e-02 -2.24592060e-01  9.48698446e-02  9.85562354e-02
  8.32074583e-02  1.81424990e-02  1.49131596e-01 -1.04315847e-01
  2.27999631e-02  7.59748891e-02 -1.58308119e-01  5.30597270e-02
 -3.09352390e-02  3.53274792e-02 -7.32447878e-02 -3.04145422e-02
  2.12429672e-01  1.32323772e-01 -6.41186312e-02 -1.06453814e-01
  1.78548232e-01 -1.18411049e-01  1.84246544e-02  5.92162684e-02
 -8.37302878e-02 -1.70513660e-01 -2.81494230e-01  7.21701384e-02
  3.85999084e-01  1.01591967e-01 -1.14070237e-01  8.71629864e-02
 -7.88735524e-02 -8.24709088e-02  2.57722232e-02 -3.54453623e-02
 -1.14565484e-01  1.32357925e-01 -6.46428838e-02  1.24814093e-01
  1.30864576e-01  2.44248323e-02 -3.93065158e-03  1.73493370e-01
 -7.14859962e-02  4.14242223e-02  6.24395981e-02  4.22742702e-02
 -1.06791295e-01  4.89873216e-02 -1.28078163e-01  3.13416906e-02
  1.44102931e-01 -3.69720049e-02  2.12126411e-02  6.22088760e-02
 -1.44019336e-01  4.68742140e-02 -1.43135739e-02 -9.13027972e-02
 -7.30073377e-02  3.46246995e-02 -1.50041759e-01 -4.78272885e-02
  1.02576435e-01 -2.33738139e-01  1.54575944e-01  1.48890391e-01
 -5.87285832e-02  1.46849334e-01  7.98685998e-02  2.41240915e-02
  3.70897204e-02 -8.77999514e-03 -1.16647549e-01 -5.56766614e-02
  6.36147335e-02 -7.04738349e-02  4.99323606e-02  4.55105640e-02] sep 1D4o0TiYKbvJttahzD3U6mRcqtVCf8zzjRZ4vzGWlTY sep [Type Name Here] 
[-0.18227215 -0.00261703  0.06149178 -0.06674649 -0.01255312 -0.07505815
 -0.02348046 -0.08187766  0.1563573  -0.09813423  0.19664106 -0.03282997
 -0.17497057 -0.13448754 -0.03589647  0.07832115 -0.08735389 -0.14690316
 -0.05862221 -0.13808851  0.04863661  0.00413719  0.05238019  0.02200813
 -0.18988749 -0.33594301 -0.14351897 -0.1157601  -0.01321571 -0.07407308
  0.01246075  0.03475967 -0.27069971 -0.09717033 -0.02916846  0.08369789
  0.04616926  0.01827013  0.13149793  0.02237884 -0.09383865 -0.0863312
  0.07158017  0.23794441  0.11888089  0.08129742 -0.00525871 -0.01437955
  0.03084232 -0.22654915  0.07571954  0.09941039  0.07079625  0.02021815
  0.15008679 -0.1079059   0.02351405  0.05945472 -0.16310106  0.05201307
 -0.04707724  0.02904828 -0.06567477 -0.02900656  0.2256934   0.12194937
 -0.07087141 -0.10131703  0.18127663 -0.11802587  0.02227399  0.0612372
 -0.07859752 -0.16529821 -0.27262798  0.07884908  0.3929117   0.09418219
 -0.11417282  0.09597155 -0.08885869 -0.08897319  0.01944032 -0.02583087
 -0.1225448   0.13269049 -0.05873514  0.12338583  0.1313654   0.02192953
 -0.01059237  0.17737725 -0.07358328  0.05122627  0.06448485  0.03743029
 -0.1095456   0.0471731  -0.12152824  0.02545176  0.14124738 -0.04714814
  0.02701826  0.07456556 -0.13736439  0.05275224 -0.01549729 -0.09938706
 -0.08179506  0.03252411 -0.14528048 -0.04167061  0.10049196 -0.24667202
  0.16338769  0.15959339 -0.06314334  0.15303208  0.07643494  0.02121052
  0.03025762  0.00824432 -0.11226556 -0.04682641  0.05486841 -0.0658226
  0.04115087  0.04413037] sep 7Qcrqt3zebWX39iBC038QFQNWKzm_hT0T-oSD6kI9u0 sep [Type Name Here] 
[-0.18676294  0.00526461  0.05155176 -0.07120953 -0.01867413 -0.07420922
 -0.02259163 -0.07591609  0.1646305  -0.09436651  0.18843511 -0.04142704
 -0.18172838 -0.12411483 -0.04212842  0.07710766 -0.09072386 -0.14686641
 -0.05853339 -0.1253974   0.04145768  0.00142744  0.04585243  0.02482057
 -0.18138924 -0.33943382 -0.12954536 -0.1080913  -0.00150105 -0.07861897
  0.01243153  0.04250222 -0.27738965 -0.10480317 -0.02716083  0.0901733
  0.0521081   0.03056589  0.13564801  0.01221235 -0.11034488 -0.09329042
  0.08838277  0.23082496  0.1274507   0.09369235 -0.01371776 -0.01725514
  0.03661215 -0.23273009  0.07410895  0.10129699  0.07135814  0.01899564
  0.14512742 -0.11802183  0.0221993   0.05930694 -0.1659767   0.05669968
 -0.03291332  0.03706997 -0.07425267 -0.022669    0.21401404  0.10966218
 -0.06699042 -0.10927475  0.18208382 -0.13162859  0.0279852   0.08248111
 -0.06709267 -0.17253552 -0.26882216  0.07195709  0.38838026  0.1056444
 -0.09681478  0.10031473 -0.07497483 -0.09047793  0.02672238 -0.03466626
 -0.12087843  0.12334646 -0.05550076  0.12396887  0.13345294  0.03572076
 -0.010781    0.16837661 -0.07453457  0.05318578  0.05058293  0.05054783
 -0.10548446  0.05305319 -0.12778158  0.02226449  0.15533182 -0.03811304
  0.0304502   0.07589488 -0.14079624  0.05307846 -0.02057642 -0.08695988
 -0.07167557  0.03664254 -0.13688187 -0.03150738  0.10543647 -0.24724908
  0.17296933  0.15836637 -0.07338994  0.14160934  0.08131302  0.01512366
  0.04705125  0.00257527 -0.11962473 -0.05926752  0.05234757 -0.08005756
  0.05380224  0.03961816] sep fAVE9KCF7Z1dP9_3pZA_9wtYVbNZncXo9kT9FD2HkzQ sep [Type Name Here] 
[-0.16493885  0.00417981  0.06408221 -0.06532112 -0.02896248 -0.06233957
 -0.03567032 -0.06814884  0.16331473 -0.10415053  0.19731763 -0.03496899
 -0.18105981 -0.13049197 -0.03502168  0.08043794 -0.08117999 -0.14040664
 -0.05585411 -0.12507886  0.03869434  0.00911681  0.060736    0.04307802
 -0.20217037 -0.34381962 -0.13820314 -0.11057048 -0.01568913 -0.07053145
 -0.00478897  0.03719075 -0.2675932  -0.09896201 -0.01795745  0.09772952
  0.05286896  0.02141209  0.11975852  0.00904328 -0.11125676 -0.09464086
  0.0775727   0.22650871  0.10978352  0.08506399  0.00618851 -0.01682431
  0.04214663 -0.21183485  0.09178861  0.10174854  0.05930315  0.01954098
  0.14636526 -0.11898322  0.02782167  0.08523508 -0.15408665  0.04774328
 -0.0427882   0.03958075 -0.05571615 -0.01955763  0.20223475  0.11397266
 -0.05660799 -0.1285906   0.17034173 -0.142037    0.0277417   0.08021633
 -0.08223599 -0.16950962 -0.28525764  0.0662518   0.38023642  0.11570877
 -0.10869776  0.09527837 -0.0681539  -0.08167891  0.02878268 -0.02236973
 -0.11573895  0.14548704 -0.07309872  0.12210778  0.13811706  0.02873719
 -0.00459853  0.17955445 -0.06140589  0.04642159  0.07181484  0.03727938
 -0.11909416  0.04673783 -0.13232015  0.02918715  0.13128819 -0.03226615
  0.01763164  0.064203   -0.14741091  0.05574029 -0.02404039 -0.09903935
 -0.08929118  0.03654595 -0.15049209 -0.04860773  0.11353094 -0.23873037
  0.14655985  0.15543342 -0.04661546  0.15866257  0.08574964  0.02316928
  0.03288756 -0.00696548 -0.10606153 -0.0493188   0.0574289  -0.08936878
  0.05540764  0.03444894] sep Ftupv8RBbBYpEzSH8mXuE56N8KqVUVQOxqyVebrVzDs sep [Type Name Here] 
[-0.17780292 -0.00312222  0.05911558 -0.06556063 -0.02095564 -0.07580014
 -0.01869941 -0.0807765   0.1619447  -0.09821269  0.18844517 -0.03375824
 -0.18068755 -0.1240541  -0.03960769  0.07836481 -0.08243983 -0.14878438
 -0.05633787 -0.1232176   0.04700783 -0.00117366  0.05703845  0.0338638
 -0.17921248 -0.33264408 -0.14784937 -0.11139172 -0.01930936 -0.07642625
  0.00620468  0.0504865  -0.26444912 -0.10636539 -0.02057326  0.0914138
  0.0592384   0.02415049  0.13540305  0.01441321 -0.10704858 -0.08732177
  0.08747117  0.23045626  0.11611571  0.0910308  -0.00987498 -0.01312756
  0.04043542 -0.22064951  0.0817918   0.10022126  0.07296548  0.01980312
  0.15782167 -0.11566212  0.02765423  0.06781472 -0.15297036  0.0573504
 -0.03541821  0.03032402 -0.06355263 -0.03234677  0.1991621   0.11797944
 -0.06091855 -0.10839997  0.17802054 -0.12393702  0.01531447  0.07307237
 -0.0847216  -0.16733181 -0.26497197  0.07120445  0.3869068   0.10903551
 -0.10795519  0.09044065 -0.06319695 -0.08462408  0.02562398 -0.02636259
 -0.1182263   0.12865487 -0.0620285   0.11972     0.12739567  0.03570174
 -0.00844785  0.17096366 -0.07737079  0.05718962  0.06002698  0.04542523
 -0.10352121  0.05796909 -0.13764958  0.03176262  0.14256525 -0.04141796
  0.02143354  0.06931419 -0.1357642   0.03687657 -0.02663729 -0.09225748
 -0.09063037  0.03894215 -0.14697342 -0.02521548  0.10153142 -0.24019875
  0.16570275  0.15993169 -0.07985523  0.13873139  0.07783401  0.02526298
  0.04112921 -0.00543218 -0.11766816 -0.06024276  0.06438655 -0.0726964
  0.04565492  0.03661296] sep r1RFsnoZ-aL7YsprIDq4XhABJXy-hvaoBNyP1LaEFUc sep [Type Name Here] 
[-0.17362246  0.00555936  0.05739749 -0.06697413 -0.01539865 -0.06349025
 -0.00753424 -0.07928363  0.17417841 -0.07761734  0.18945259 -0.03111344
 -0.18245815 -0.11383119 -0.036671    0.06622573 -0.08279566 -0.13636631
 -0.06971987 -0.13174783  0.03071714  0.00324821  0.03834331  0.02240233
 -0.16701022 -0.33414805 -0.12768266 -0.10380635 -0.00397147 -0.08525698
  0.01788201  0.05703121 -0.27385929 -0.10011673 -0.03013726  0.08432414
  0.05696635  0.03506329  0.12962371  0.00230663 -0.10829461 -0.0827333
  0.09172381  0.21948983  0.12314538  0.09732063 -0.01599206 -0.02156437
  0.0281805  -0.22554111  0.08728721  0.10267649  0.06126788  0.01824677
  0.13608056 -0.14245448  0.01292298  0.04429622 -0.15542524  0.06008704
 -0.01521539  0.02883253 -0.09127964 -0.01248134  0.20465688  0.12134313
 -0.06274067 -0.11592586  0.17874227 -0.13178132  0.03244324  0.08258282
 -0.0759029  -0.17087668 -0.26702714  0.09831092  0.38620338  0.09652549
 -0.11274975  0.0844901  -0.07726224 -0.06003044  0.04177376 -0.04736847
 -0.13146968  0.11098279 -0.06836857  0.11792368  0.13291728  0.04801496
 -0.02318603  0.1613819  -0.06942927  0.04084386  0.05543934  0.06197286
 -0.08988418  0.04604059 -0.1510369   0.02523503  0.16846828 -0.03771987
  0.01567436  0.08271525 -0.14435816  0.05266726 -0.01674912 -0.09740449
 -0.0678184   0.03297907 -0.14334819 -0.0286336   0.12025621 -0.24161178
  0.18387583  0.15204494 -0.06548415  0.14475676  0.0799925   0.03376945
  0.04119349 -0.00269752 -0.1148073  -0.05947245  0.05887996 -0.07061607
  0.04693482  0.03876505] sep XI-LxCsT6f11n41kApD8_7JEJGbiY0ZCprBXGnmOH1s sep [Type Name Here] 
[-0.12814133  0.10960791  0.02229598 -0.07916889 -0.05437298 -0.00358463
 -0.05801178 -0.06862646  0.16244508 -0.09907232  0.23107418  0.04681514
 -0.24513724 -0.06094436  0.01257048  0.11469741 -0.16658852 -0.08766267
 -0.16775988 -0.06783631  0.05513617  0.06517729  0.01034448  0.03693202
 -0.1745407  -0.35999307 -0.09828988 -0.08384767  0.03427777 -0.05586864
  0.07020277 -0.00872371 -0.13608289 -0.02021941  0.00502758 -0.02650826
 -0.0356804  -0.02469748  0.22444572 -0.03227485 -0.24867046  0.01328892
  0.03483392  0.22621283  0.19606407  0.00457034  0.04359168 -0.07120701
  0.11389329 -0.24854036  0.04930669  0.15592748  0.08280732  0.02800082
  0.12176976 -0.14525953 -0.01562181  0.1588928  -0.21969466  0.020534
  0.00127023 -0.05151419 -0.0247355  -0.01448431  0.11129444  0.09095417
 -0.16014694 -0.18739296  0.12533021 -0.19280367  0.0159268   0.10274197
 -0.09695794 -0.24477528 -0.33071163  0.04827112  0.36426699  0.12836564
 -0.16373982  0.03876868 -0.03427827 -0.08160554  0.07528283  0.0543494
 -0.10998949 -0.04143908 -0.05952781  0.06838021  0.18121156  0.00889842
 -0.02054896  0.27866906  0.01799352  0.01506585  0.0204603   0.1188923
 -0.13396288 -0.00727203 -0.07972969  0.09309436  0.06965972 -0.03010697
  0.02487855  0.08891438 -0.12029772  0.19576901 -0.01970739  0.00499392
 -0.03750868  0.01007011 -0.14346181 -0.0550263   0.1692342  -0.20788984
  0.16597298  0.16503142  0.0032822   0.12832792  0.1264874  -0.00902673
  0.00654221  0.00220439 -0.20316479 -0.04723717  0.06964353 -0.10805891
  0.05933449 -0.00623285] sep 7h2B0xitM0oK_AY0j8WxaJPxDlv0DDSS6UKVYwYFRX0 sep [Type Name Here] 
[-0.18040222  0.0248634   0.01498456 -0.06933461 -0.02741942 -0.10353523
 -0.03687034 -0.07607     0.17651568 -0.0851187   0.18401034 -0.05621595
 -0.17051902 -0.08020057 -0.04598119  0.04736968 -0.08659521 -0.1286923
 -0.06963433 -0.09867436  0.00729795  0.00476174  0.03576552  0.02491368
 -0.14220479 -0.33038712 -0.13539624 -0.07779535  0.02295934 -0.07621446
  0.0240919   0.10624453 -0.25976053 -0.10560541 -0.00213365  0.09696396
  0.05707707  0.07951891  0.15124108  0.01844409 -0.13239533 -0.08612315
  0.07688139  0.23718677  0.14181583  0.08540058 -0.03530545 -0.02071481
  0.03430033 -0.23037328  0.09694621  0.13006611  0.07130215  0.03124641
  0.14515953 -0.12185987  0.01868871  0.05877013 -0.14048354  0.05093375
  0.01309347  0.01097042 -0.08223827 -0.01236703  0.17539959  0.13130583
 -0.04198469 -0.14632852  0.17932667 -0.15131971  0.01183412  0.10507853
 -0.05047154 -0.15653232 -0.26185083  0.08171768  0.36219195  0.12359885
 -0.08864461  0.11241689 -0.04450811 -0.09830979  0.03576052 -0.04551553
 -0.14488019  0.09975722 -0.05318665  0.09866183  0.12859675  0.06107538
 -0.02642852  0.14669466 -0.08252949  0.06936952  0.06786037  0.04769063
 -0.08625069  0.02280627 -0.14756471  0.01130393  0.15634772 -0.04727978
  0.00522847  0.09158427 -0.13026924  0.07531399 -0.03322721 -0.06581334
 -0.06684463  0.06070794 -0.09108165 -0.01980895  0.10776524 -0.23022754
  0.20097132  0.11706396 -0.07524702  0.12989771  0.08532796  0.02751916
  0.0504045   0.00835246 -0.10060179 -0.08419999  0.03686043 -0.05861901
  0.03563054  0.03441101] sep Wcf7B2-8naN54_PlFXeZz0lxEV5ECX2GOm-v6a41RqU sep [Type Name Here] 
[-0.13550173  0.08846391  0.02560514 -0.07564005 -0.08602683  0.04369051
 -0.06802131 -0.04400408  0.15789442 -0.11285441  0.21666783  0.00398905
 -0.26543742 -0.04460411  0.0285275   0.11307974 -0.18731682 -0.02722195
 -0.16269846 -0.08921422  0.05943324  0.08771767 -0.0044076   0.02533187
 -0.18208787 -0.33256793 -0.09893262 -0.08062773  0.0438514  -0.02952462
  0.04108243 -0.01550511 -0.13548318 -0.00666187 -0.00665836 -0.04323704
 -0.00319078 -0.07768202  0.15372677 -0.05552889 -0.18927349 -0.05462046
  0.06033483  0.16269903  0.16818689  0.01115628  0.03371781 -0.05440504
  0.10749292 -0.24575867  0.02574713  0.158621    0.02543567  0.04574825
  0.15578483 -0.12617221 -0.01271441  0.16961005 -0.1593738   0.0140385
  0.00492876  0.02707534 -0.01461125 -0.05649859  0.14663507  0.09814368
 -0.14957985 -0.17965287  0.10886061 -0.16799751 -0.00946118  0.09919458
 -0.10701697 -0.23042184 -0.2927798   0.0231072   0.37626195  0.18372521
 -0.16398607  0.02634676 -0.07210834 -0.09237457  0.1217311   0.03260114
 -0.06376503 -0.03433041 -0.04946005  0.07307895  0.20923774  0.00566848
 -0.0063877   0.30056912  0.03249686 -0.02648805 -0.00224782  0.07337695
 -0.11876546 -0.03623167 -0.06150698  0.05213336  0.10827889 -0.02211946
  0.01895319  0.0878016  -0.1173844   0.18044806  0.00308444  0.01787964
 -0.01700324 -0.0101693  -0.15511563  0.00137183  0.18254787 -0.20981541
  0.1330592   0.10602212 -0.00536739  0.13186112  0.09669954  0.04265169
 -0.01311199 -0.02440281 -0.1555452  -0.08572084  0.0665139  -0.10306741
  0.06323141 -0.01453631] sep ABO_tqqstiJN4NRVHgQ6TXGH5nCUl-K1XLY--Ou77lU sep [Type Name Here] 
[-1.85545355e-01  1.92788895e-02  5.20894974e-02 -1.05497338e-01
 -1.86818931e-02 -9.81932208e-02 -4.44768891e-02 -9.12035108e-02
  1.39778718e-01 -8.20132494e-02  2.12632596e-01 -2.84217373e-02
 -2.04191834e-01 -1.20053492e-01 -6.54057562e-02  6.13285974e-02
 -1.48973092e-01 -1.44021347e-01 -5.31484261e-02 -8.22009146e-02
  5.79749867e-02  1.46047417e-02  3.49450707e-02  6.36423193e-03
 -1.65207803e-01 -3.45902681e-01 -1.40600592e-01 -1.04002140e-01
  1.32148154e-04 -7.29962960e-02  2.09185537e-02  2.40261983e-02
 -2.53261060e-01 -8.82128328e-02 -1.46106351e-02  9.39897373e-02
  3.93780917e-02  1.43000297e-02  1.47955298e-01  2.53313407e-02
 -1.29697680e-01 -1.02581836e-01  9.15624052e-02  2.31158555e-01
  1.43711194e-01  7.39496276e-02  3.72193754e-03 -4.02512215e-02
  4.55543585e-02 -2.62692899e-01  1.17265478e-01  1.05511568e-01
  1.30294800e-01  4.79798503e-02  1.35113955e-01 -1.52469307e-01
  1.70297697e-02  7.93046504e-02 -1.69283643e-01  5.99006787e-02
 -1.86243057e-02  5.61888702e-03 -7.26399943e-02  9.02120862e-03
  2.38355473e-01  1.50248885e-01 -1.14414714e-01 -1.16636045e-01
  1.86354160e-01 -1.16231710e-01 -2.41712984e-02  6.77870661e-02
 -6.58482909e-02 -1.51812941e-01 -3.11959088e-01  6.11944273e-02
  3.78926426e-01  7.43285120e-02 -1.43679112e-01  7.27532879e-02
 -1.15240842e-01 -5.96923940e-02  3.29912677e-02 -1.01783294e-02
 -1.43247873e-01  1.17953241e-01 -8.32090080e-02  9.47572663e-02
  1.32272661e-01  1.38098691e-02 -5.85686117e-02  1.52844816e-01
 -6.21439144e-02  8.53117853e-02  8.11233893e-02  8.72415528e-02
 -9.41433907e-02  1.68374591e-02 -1.25523850e-01  2.27298252e-02
  1.67576194e-01 -3.73704731e-02 -8.04091338e-03  1.04127400e-01
 -1.24855146e-01  7.05029219e-02  3.92866321e-03 -9.20601487e-02
 -5.77070005e-02 -6.59892429e-03 -1.14375047e-01 -3.64734307e-02
  9.62900296e-02 -2.72115171e-01  2.18364462e-01  1.48748204e-01
 -6.66478127e-02  1.69410899e-01  9.60539505e-02 -1.95122510e-03
  3.74865532e-02 -2.47853808e-02 -1.08768038e-01 -7.06186146e-02
  4.75458317e-02 -3.12489346e-02  5.90216443e-02  3.56806666e-02] sep 5lhgPwHtAcnUmN7aY8zUHYwiaA70iNhCBA8P9qrQi2k sep [Type Name Here] 
[-0.14325093  0.1491119   0.02482816 -0.04680352 -0.14278191  0.04630572
 -0.06791238 -0.04969194  0.09431674 -0.01966766  0.23662829 -0.0021347
 -0.29260749 -0.0879849  -0.00233981  0.12086622 -0.14878386 -0.05289802
 -0.15233672 -0.07357702  0.07835275  0.06564111  0.00425028  0.03644388
 -0.13168849 -0.30536136 -0.00219984 -0.07670974  0.05622471 -0.13109696
  0.08363729  0.01137022 -0.18164082 -0.06621423  0.00334571  0.01347016
 -0.03552246 -0.06253774  0.14848962 -0.12714088 -0.19516188 -0.008875
  0.09338172  0.15101866  0.1629393  -0.015344    0.00684009 -0.06416155
  0.08692393 -0.23966317  0.02964193  0.15233716  0.08446069  0.0629122
  0.08816002 -0.1525093  -0.00254039  0.15448946 -0.19493119  0.01682112
  0.04282619 -0.01334497 -0.04688162 -0.07337057  0.10573593  0.07680927
 -0.13055971 -0.21203077  0.07543102 -0.15975137 -0.03437886  0.11781093
 -0.06635464 -0.18588753 -0.28682303  0.05419174  0.31833452  0.1391876
 -0.1916343   0.01459987 -0.04462623 -0.06588632  0.01098723  0.00298803
 -0.06835787 -0.06370667 -0.05492063  0.05287813  0.13565564  0.01766988
 -0.00157427  0.28202474  0.04611446 -0.01987492  0.03170812  0.09899849
 -0.12356782 -0.00153071 -0.06153563  0.04581055  0.07534584 -0.08965036
  0.03892511  0.07890539 -0.09913565  0.18244459 -0.02670917  0.07211803
  0.02261186  0.01569815 -0.13247342 -0.02577648  0.18000315 -0.21418206
  0.22416176  0.11327346  0.01523819  0.09992766  0.14402214  0.07684428
  0.02391364  0.00232278 -0.1444874  -0.09342178  0.06922092 -0.13947302
  0.03166152  0.01068584] sep V0crRpgrP2AZOtVR83QBUbpY5i34_qyQ-HkZZb1_PaU sep [Type Name Here] 
[-0.16167144  0.1014953   0.08620305 -0.06615333 -0.08736358  0.04094891
 -0.02739304 -0.00309717  0.20807379 -0.1264496   0.15795265 -0.03758144
 -0.21944138  0.04329774 -0.04033418  0.17977852 -0.14230102 -0.182943
 -0.13353677 -0.05557331  0.04307965  0.02728567 -0.06251179  0.07423408
 -0.20645554 -0.36071086 -0.02877259 -0.11078098 -0.04194205 -0.12203784
 -0.03387189  0.05361767 -0.18002906 -0.05218964  0.08931322  0.19900411
 -0.03212094 -0.07998798  0.21960548 -0.02499121 -0.24832089  0.03913436
  0.15620199  0.24116702  0.2434849  -0.02064322  0.02020247 -0.10830079
  0.2772935  -0.31565908  0.02417884  0.13630351  0.14118156  0.10970835
  0.17800097 -0.19062772  0.03084354  0.11365485 -0.18748333 -0.01573051
  0.00640829 -0.06531841 -0.02418005 -0.0576572   0.20597319  0.09341522
 -0.13850936 -0.15933351  0.23200615 -0.11499212  0.0445087   0.14660491
 -0.10070476 -0.17374836 -0.23104829  0.0455542   0.44278353  0.11691288
 -0.16438232  0.11148061 -0.07167865 -0.06677828 -0.05399857  0.12273313
 -0.0557515   0.04042989 -0.05658546  0.09367315  0.23183843  0.02470165
  0.04763717  0.15396573  0.0120857   0.00785242  0.06775396  0.08532617
 -0.25027293 -0.06657214 -0.18806058 -0.07269776  0.00769301 -0.00417985
 -0.00777355  0.11076754 -0.19053307  0.16750871 -0.09263035 -0.04280541
 -0.08301342 -0.02151605 -0.02373182  0.05026765  0.12877177 -0.26612294
  0.11660568  0.04923762 -0.07800491  0.13712627  0.07652128  0.02736434
  0.02131262  0.00460348 -0.20688786 -0.0892202   0.05779516 -0.04159101
  0.0621902  -0.01890051] sep pXhllgFWanjLXzmiXKWlXdviKJgoKuZvYQiHAtRxQFs sep [Type Name Here] 
[-0.16102549  0.06179571  0.08696475 -0.07138941 -0.07166815  0.01827016
 -0.05163191  0.01948334  0.23412195 -0.13889447  0.13941322 -0.03361048
 -0.20179319  0.05786476 -0.04815513  0.18530053 -0.16620745 -0.17962797
 -0.12712635 -0.07736359  0.02763293  0.02838789 -0.05620164  0.09932216
 -0.20534062 -0.36548689 -0.04811873 -0.13367929  0.0088165  -0.14242253
 -0.03232177  0.0612453  -0.17444393 -0.03062733  0.08714751  0.19375919
 -0.0379428  -0.08987518  0.20918673 -0.00681069 -0.2410619   0.0297808
  0.11162801  0.24543142  0.23404053 -0.01443973  0.04181277 -0.10389887
  0.26652631 -0.28615594  0.01249104  0.15789975  0.12211958  0.12117968
  0.17994386 -0.1919267   0.03875729  0.10912529 -0.18982671  0.01586632
 -0.00119813 -0.05838201 -0.02933685 -0.03099456  0.17796117  0.08549497
 -0.14052676 -0.1789926   0.25175923 -0.1407527   0.05851572  0.16543211
 -0.11219202 -0.18253231 -0.22356878  0.02912731  0.42786196  0.1253511
 -0.14738281  0.1181133  -0.04970541 -0.06180406 -0.05924996  0.15023963
 -0.07800993  0.05663344 -0.04611344  0.10186413  0.20098653  0.04018234
  0.03779855  0.1278515   0.00743736 -0.00173719  0.06338646  0.09262563
 -0.24911663 -0.08743419 -0.17334592 -0.08961339  0.01956396  0.01676813
 -0.02268238  0.097679   -0.15182343  0.1847517  -0.0893797  -0.06095956
 -0.11048509  0.01929876 -0.03153106  0.04458343  0.13280769 -0.25727412
  0.12412264  0.08737844 -0.0525364   0.13259436  0.05576904  0.03015048
  0.00636381  0.0008681  -0.17885935 -0.09749991  0.02678593 -0.02884413
  0.05036109 -0.04244291] sep Ak31B4D2hfAI0Hruv1eM1WIgnpTYt3sXrUTyefrliOg sep [Type Name Here] 
[-0.18695663  0.05535407  0.05660401 -0.08180548 -0.0760179   0.04032401
 -0.07626159  0.00923186  0.22766262 -0.17659287  0.14665318 -0.02856314
 -0.20814416  0.02343248 -0.03786364  0.20448998 -0.15161009 -0.17076482
 -0.11691941 -0.06876732  0.04494328  0.02034829 -0.04793442  0.09187714
 -0.19239517 -0.38704368 -0.07079788 -0.1094315  -0.00338141 -0.14136954
 -0.02141245  0.03866031 -0.16423222 -0.01864342  0.07029314  0.19733743
 -0.00976553 -0.09328306  0.21042231 -0.02531281 -0.24497308  0.0094372
  0.143975    0.2167006   0.22338045 -0.01113896  0.04045274 -0.10343591
  0.27580744 -0.28166834  0.01495966  0.12767339  0.11477581  0.10503598
  0.19432727 -0.1727584   0.03935591  0.11641743 -0.17815673 -0.01379642
 -0.0197543  -0.03783909 -0.04204422 -0.03367176  0.19078445  0.09831936
 -0.12921487 -0.201214    0.26073447 -0.13736205  0.05318215  0.16336657
 -0.1148316  -0.17770305 -0.24865706  0.02014617  0.41424268  0.13216621
 -0.12176114  0.14098366 -0.0437429  -0.07038952 -0.05506579  0.1294094
 -0.06212658  0.04750716 -0.04000947  0.10383563  0.21718617  0.040561
  0.04151957  0.13251755  0.01821962  0.01694123  0.05895764  0.10027849
 -0.23457672 -0.08997477 -0.17120329 -0.08297328  0.03831038  0.025189
 -0.00169533  0.09699712 -0.16743016  0.17502913 -0.08941803 -0.05135135
 -0.09014496  0.03634943 -0.05329041  0.05128152  0.1205835  -0.25828815
  0.11322565  0.07761551 -0.05404276  0.13242102  0.08039455  0.04621245
  0.00905149 -0.0065963  -0.18646601 -0.09902698  0.03037807 -0.03465056
  0.05423632 -0.02543048] sep d4vPwttm-J25rOzVrgv48v-DUAYNTNVN0dXH1jkvBUQ sep [Type Name Here] 
[-0.19424148  0.06026369  0.06274849 -0.0662033  -0.08154393  0.02771582
 -0.06106959 -0.00423426  0.22081277 -0.15308455  0.13615742 -0.00769726
 -0.20079102  0.04308185 -0.03435885  0.17724894 -0.16701926 -0.16725561
 -0.12369865 -0.08264904  0.04181901  0.04320447 -0.02923816  0.10181222
 -0.22869495 -0.37179241 -0.06924559 -0.14143011 -0.02792818 -0.15018229
 -0.02400006  0.02767804 -0.14822003 -0.02597379  0.0882328   0.18472734
 -0.02996541 -0.07742358  0.23061591 -0.03297441 -0.25292993 -0.00809043
  0.17671846  0.24760532  0.26358017 -0.00463582  0.03022614 -0.08101648
  0.27311808 -0.3031722   0.04417769  0.13707986  0.12985194  0.10429922
  0.21047267 -0.16533694  0.01658699  0.10856621 -0.15757276 -0.00367345
  0.01179329 -0.0467127  -0.03558107 -0.01858104  0.19175705  0.09151055
 -0.14447798 -0.17451778  0.25166288 -0.167289    0.02285333  0.14607713
 -0.11975204 -0.19418456 -0.25529116  0.00755652  0.41359049  0.14266171
 -0.11868958  0.13352618 -0.04917835 -0.06297726 -0.06170422  0.14026597
 -0.06627573  0.05634579 -0.03700597  0.11763243  0.22078729  0.03742637
  0.04583881  0.14684629  0.01960744 -0.00659434  0.06921668  0.10258473
 -0.23590207 -0.09087714 -0.18257618 -0.0632367   0.0363763   0.0385051
  0.01341323  0.1201068  -0.18463311  0.18273735 -0.09602741 -0.05769772
 -0.09295057  0.01580686 -0.06205014  0.03947793  0.13026658 -0.25130275
  0.0970725   0.07829396 -0.07007948  0.12924604  0.0639625   0.02713504
  0.02253554  0.00946424 -0.204641   -0.09209889  0.02959378 -0.04811735
  0.05406566 -0.01944915] sep PNgSh15LK_7pDnCsADSm1ya9NSWHI0ZoteYRJbbgWIk sep [Type Name Here] 
[-0.10279874  0.03816967 -0.04545118 -0.14544833 -0.08677623 -0.05564805
 -0.01758487 -0.0266068   0.15659888 -0.05526995  0.16052823 -0.06410476
 -0.26756325 -0.04893519 -0.02512645  0.07631669 -0.16883807 -0.11659993
 -0.11993545 -0.04825699  0.07058892  0.05743877 -0.02364727  0.1056944
 -0.09274755 -0.30971399 -0.13190052 -0.14398327  0.0027819  -0.12975287
  0.08125463  0.05935372 -0.15528123 -0.07267275 -0.00656965 -0.0179849
 -0.06368293 -0.07574908  0.26417539  0.01896522 -0.17290217 -0.05787527
  0.04593647  0.24475646  0.12686211  0.05105616 -0.01149913 -0.02679507
  0.15428421 -0.28206512  0.05219531  0.20365514  0.14341879  0.07908905
  0.0794552  -0.12613134  0.1033814   0.10999643 -0.29101542  0.07141505
  0.02301693 -0.10366464 -0.0318853  -0.01129509  0.15589936  0.09517933
 -0.08212325 -0.1724095   0.17230377 -0.19264019 -0.0535129   0.12110797
 -0.09118336 -0.22777903 -0.21632904  0.03727762  0.32054442  0.17837377
 -0.15023027  0.05507611 -0.07704169 -0.10731371  0.06436806  0.02225077
 -0.09042388 -0.03144878 -0.11191949  0.04478674  0.17064098 -0.04355313
 -0.02250139  0.25598899  0.04441335  0.05889612  0.05207918  0.02778257
 -0.09014972  0.02841641 -0.06663624  0.09378108  0.11288327 -0.0381991
 -0.01777976  0.05041559 -0.07805887  0.17635664 -0.01287224 -0.05262144
 -0.11650094 -0.05401639 -0.14547305 -0.03788666  0.1691314  -0.21035121
  0.18681084  0.11088409 -0.00039765  0.13095286  0.06522852  0.02998527
  0.0104167  -0.09643921 -0.21537493 -0.08332303  0.14106143 -0.00057718
  0.03149705 -0.00067908] sep sQ0X6KTYKmzABtluyYBtbSyFXilzs9cw0pspDD53770 sep [Type Name Here] 
[-1.65043205e-01  2.64884457e-02  2.74599418e-02 -6.43198341e-02
 -6.09016465e-03 -9.89098251e-02 -5.80752715e-02 -8.48428234e-02
  1.43953964e-01 -8.14861059e-02  1.53903052e-01 -4.58529927e-02
 -1.71456724e-01 -8.30835551e-02 -3.79914530e-02  4.82391417e-02
 -8.36642608e-02 -1.46702558e-01 -6.33805990e-02 -1.03719763e-01
 -4.93283197e-03  4.03519198e-02  4.67838682e-02  4.01648367e-03
 -1.34330034e-01 -3.28834385e-01 -1.56694561e-01 -8.89292806e-02
  1.93574764e-02 -9.18417349e-02  1.54003510e-02  5.44269271e-02
 -2.55242765e-01 -8.27805474e-02  6.93162438e-03  9.17122290e-02
  4.77382988e-02  5.31860143e-02  1.56161264e-01  5.49844652e-02
 -1.16519704e-01 -1.07106380e-01  8.05385411e-02  2.52508879e-01
  1.20673157e-01  8.18040743e-02 -3.32493670e-02 -6.25454448e-03
  2.45650187e-02 -2.11688221e-01  1.13968939e-01  1.19982786e-01
  1.20361134e-01  4.23750356e-02  1.27846137e-01 -1.17687285e-01
  4.44360152e-02  3.20857950e-02 -1.43054008e-01  4.79184501e-02
  1.63706392e-02  1.91737339e-03 -8.40596780e-02  3.16933133e-02
  2.21132964e-01  1.01813041e-01 -5.13463207e-02 -1.23284280e-01
  1.70106187e-01 -1.28513038e-01  1.51523408e-02  8.53859037e-02
 -4.50500399e-02 -1.36772007e-01 -2.53490090e-01  6.97297826e-02
  3.54254901e-01  8.98817256e-02 -1.14557967e-01  1.17222682e-01
 -9.19700339e-02 -9.20940861e-02  5.88047365e-03 -4.21147607e-02
 -1.66350618e-01  1.41704530e-01 -7.42458403e-02  9.50149894e-02
  1.36713743e-01  3.00371423e-02 -2.61493493e-02  1.36232123e-01
 -6.81696683e-02  7.27395862e-02  9.05497968e-02  3.88179421e-02
 -8.48543420e-02 -1.30753443e-02 -1.19870007e-01 -1.42628523e-02
  1.64779246e-01 -6.05449975e-02 -1.04677696e-02  9.60584283e-02
 -1.61040217e-01  9.98555571e-02  1.04370993e-05 -1.01302475e-01
 -5.40689826e-02  5.35540991e-02 -1.01256475e-01 -5.63599430e-02
  1.11961566e-01 -2.45056108e-01  1.68901369e-01  1.27023757e-01
 -7.37865418e-02  1.46610841e-01  7.31872395e-02  4.02390957e-02
  1.96125824e-02  5.45886159e-03 -9.01136100e-02 -9.18458775e-02
  3.89415994e-02 -2.94958949e-02  3.46256867e-02  4.99309413e-02] sep T1xMyntpcjg6H0QOGpKcWW6qQ77dyAVWQVJzNHmVQqg sep [Type Name Here] 
Failed 2 Incode 
 sep LYWiBGfSQT6nz9Ynqu1Qb8bSfck8IHUOjQBN07ANbt0 sep [Type Name Here] 
[-0.17873028  0.05726207  0.06034879 -0.11036465 -0.0022198  -0.05787823
 -0.04837066 -0.05906144  0.1689501  -0.11645249  0.18679096 -0.01693947
 -0.17349546 -0.12566157  0.01382009  0.08674744 -0.08819578 -0.17143019
 -0.09858097 -0.09707212  0.05651638 -0.01226583 -0.02459674  0.0652112
 -0.13001981 -0.33130389 -0.12407671 -0.12310298 -0.03795101 -0.09853207
  0.01502226 -0.00637755 -0.26688701 -0.09752652 -0.03293128  0.09458055
  0.02593142 -0.0063618   0.12108182 -0.03702087 -0.15722974  0.0102974
  0.08862343  0.15965447  0.15949477  0.10388661 -0.00563691 -0.04382308
  0.11031633 -0.21398745  0.09057083  0.11240492  0.1218238   0.0611126
  0.1330042  -0.17741698  0.05883121  0.07993054 -0.1879067   0.05957505
 -0.03564133 -0.05343293 -0.02816843  0.04166971  0.2024979   0.12987673
 -0.07052482 -0.11465976  0.2043113  -0.11052841  0.03573349  0.10816422
 -0.08103018 -0.19227739 -0.2291643   0.12584206  0.40912783  0.13054471
 -0.14516625  0.09796937 -0.10287854 -0.04620875  0.02834175 -0.00115088
 -0.10978905  0.02044533 -0.08246893  0.09357369  0.17393969  0.07025743
 -0.00936749  0.18257193 -0.04196484  0.06941054  0.0444525   0.0465046
 -0.10025578  0.0248882  -0.10423945  0.0146436   0.09950469 -0.03336032
 -0.02668353  0.05829238 -0.14009705  0.06956957 -0.01480694 -0.05434942
 -0.1111535   0.06284276 -0.0791648  -0.00462087  0.07852043 -0.24384162
  0.23344907  0.13828015 -0.04287955  0.17481415  0.09516671  0.04205395
  0.06327856 -0.08595061 -0.15474722 -0.07104538  0.09911759 -0.01028518
  0.1029226   0.05684467] sep 5r5PHRKEWm38RcKthsJhiKvQkoni6I_oYhP9bxGh5Yg sep [Type Name Here] 
Failed 2 Incode 
 sep nb1peemRraaNGtkwPjF05yuMTd7ubYGSbFOeoopeCcA sep [Type Name Here] 
Failed 2 Incode 
 sep TeuTqqKU9igS6js8300X8AZfbbJ7Uoyu_cbUcnwhXI8 sep [Type Name Here] 
Failed 2 Incode 
 sep swKFcjbV77FOnW9n6eFwTTOodz0EQh0P8dduvrxikNU sep [Type Name Here] 
Failed 2 Incode 
 sep XzqnGbcj5VWpmLMwXzHJhFX4W7AwODnzP9IV6TD5bWM sep [Type Name Here] 
Failed 2 Incode 
 sep 9BtQINqmiinF-ONCqXvpG7-Fe5rOGufMg0D9xaF_wSA sep [Type Name Here] 
Failed 2 Incode 
 sep F2dapl7sPHYgFkbtQkkOiUXQLw4nq9cwnBqz8-7A2XA sep [Type Name Here] 
Failed 2 Incode 
 sep Kkpd0hlTcIViu6aMr94rRAFedFdJfKIlMkt32DQGoPI sep [Type Name Here] 
Failed 2 Incode 
 sep ljyB_4yrJmlAAPiBKsehuL5eek3w8Y7gA4es69Khr-M sep [Type Name Here] 
[-1.40336275e-01  1.30875602e-01  7.93727338e-02 -1.37312235e-02
 -1.10289335e-01 -1.59013607e-02 -8.15413594e-02 -1.49336942e-02
  9.48708430e-02 -2.08096579e-02  2.13323593e-01  3.22538503e-02
 -2.25749865e-01 -1.65333785e-02 -1.87631268e-02  1.22447945e-01
 -1.26014456e-01 -8.10201168e-02 -1.21025354e-01 -1.31379753e-01
 -1.77752096e-02  6.14050124e-03 -1.86340213e-02  3.55549194e-02
 -1.24074697e-01 -2.52434909e-01 -7.45588765e-02 -9.55240577e-02
  1.91695709e-02 -1.48692816e-01  2.30148956e-02  1.21831531e-02
 -1.31637484e-01 -2.66373158e-02  1.63802933e-02  5.21416962e-02
 -1.60708502e-02 -8.67497474e-02  1.93141803e-01 -8.11684877e-02
 -1.67081729e-01 -1.66292302e-02  1.17395408e-01  2.79016584e-01
  2.02367455e-01 -1.24772908e-02 -7.97227956e-03 -4.46308628e-02
  1.02527082e-01 -2.76573241e-01  5.63972145e-02  1.56000197e-01
  4.68853153e-02  1.12253800e-01  6.34330735e-02 -1.35556757e-01
  2.67574806e-02  1.16630867e-01 -1.18096359e-01  4.82616015e-03
  6.71719387e-02 -9.59776938e-02 -1.05957687e-01 -1.48361161e-01
  1.86851487e-01  1.19840115e-01 -1.33788988e-01 -1.52906939e-01
  9.78686735e-02 -1.66605130e-01 -3.51556316e-02  1.05857231e-01
 -9.57391113e-02 -1.77836522e-01 -2.59817034e-01  1.44262403e-01
  4.00984883e-01  2.24834651e-01 -1.58096075e-01  2.93868780e-02
 -5.64323254e-02 -5.90026490e-02 -9.94880591e-03  6.47793487e-02
 -1.10299259e-01 -7.87459780e-03 -5.44758700e-02  9.29176360e-02
  1.80448383e-01 -4.41999733e-03  5.03909774e-02  1.86455175e-01
  3.24907154e-02  3.89656052e-04  5.86708635e-03  7.78538659e-02
 -1.00183375e-01 -1.94385145e-02 -1.15204103e-01  2.84272283e-02
  1.08880669e-01 -1.13937318e-01  4.30778116e-02  9.85742956e-02
 -1.72592014e-01  1.51525244e-01 -2.71664653e-03 -2.89947055e-02
  3.09354179e-02  3.45356502e-02 -5.47730178e-02 -3.92242111e-02
  2.01948151e-01 -2.10056782e-01  1.66745439e-01  1.61403552e-01
  3.88589948e-02  1.28575414e-01  9.82933119e-02  1.56239644e-01
 -4.11249027e-02 -2.43039764e-02 -1.24081604e-01 -5.37356287e-02
  3.81097645e-02 -5.71511313e-02  1.73283294e-02  2.02445183e-02] sep yL9mCEHfgFaGCz5qiWEB4l8bosLjUOzU_6GB6ACStXQ sep [Type Name Here] 
Failed 2 Incode 
 sep sMU_AS4L3OF9FyPTuI1tLRiUYyzsZ8UdAnK2jYi13zE sep [Type Name Here] 
[-0.13442108  0.13421489  0.08835334 -0.0201654  -0.10180458 -0.03245682
 -0.08655482 -0.03210643  0.08938043 -0.02112587  0.21598139  0.01608761
 -0.20334712 -0.02580514 -0.03127233  0.13698952 -0.14172786 -0.06127993
 -0.09531794 -0.10582779  0.00176432  0.04453425 -0.01662523  0.0375319
 -0.09426358 -0.23687996 -0.07820183 -0.10543538  0.00779342 -0.12807034
  0.0152284   0.04046438 -0.13438901 -0.0143912   0.01418764  0.05641793
 -0.01434449 -0.06376116  0.16989131 -0.08016258 -0.17110996 -0.01988208
  0.11892258  0.2828142   0.18530473 -0.02968352 -0.01397043 -0.02141112
  0.07300794 -0.25921938  0.0565273   0.14744896  0.04621584  0.11808554
  0.04587755 -0.15399198  0.01956054  0.10238139 -0.12243398  0.02607608
  0.07971071 -0.11608779 -0.09056727 -0.11583018  0.21303888  0.14034086
 -0.13107117 -0.18367347  0.08814255 -0.16144983 -0.03615226  0.11502512
 -0.11273748 -0.15362471 -0.25128672  0.11808452  0.38835767  0.18292969
 -0.15371308  0.04158954 -0.09401944 -0.05506634 -0.00585551  0.06643856
 -0.0711147   0.01839117 -0.07192547  0.0818309   0.17209403 -0.03288247
  0.04033388  0.21129183  0.01779379 -0.01578834 -0.00373495  0.05511273
 -0.07275017 -0.01932167 -0.09770451  0.01726783  0.0833776  -0.13462356
  0.02939374  0.10229036 -0.17191103  0.14300714  0.01010057  0.00717051
  0.03213725  0.04694442 -0.0614245  -0.05349239  0.2028992  -0.20979941
  0.19508632  0.13316904  0.04173979  0.12903574  0.07898652  0.17753395
 -0.04769167 -0.04253487 -0.1088798  -0.03583575  0.03791151 -0.03601478
  0.01285915  0.04236347] sep oYPCmMQ2PjdeoVDod4NvKxGv1aLQVcQTdMtMKu-1Xms sep [Type Name Here] 
Failed 2 Incode 
 sep xgFbliiUeRwlqr-xNGVsIJhBTl4lkCASJcQHALCDhFE sep [Type Name Here] 
Failed 2 Incode 
 sep bY3S_UsR-fRG-ViyeN5jloW3fdpKnZ9zLPZhfTlpDQY sep [Type Name Here] 
Failed 2 Incode 
 sep 1mMPtJBTyaMITb59zapRn63nUNh7WXeDeT4iGLKHwQg sep [Type Name Here] 
Failed 2 Incode 
 sep 3QlcojbmnDDheqS9dESaeRmPWtr8hRk_ktCsquIIkiw sep [Type Name Here] 
Failed 2 Incode 
 sep pMtrox_fGQ9joE9nK2gkLgI2pI1MvStsRgdRTD-VjSE sep [Type Name Here] 
Failed 2 Incode 
 sep Hu1Q4PPJW_MTrkzWitFBV2Klv36hiGFf-wYmYgZFS1I sep [Type Name Here] 
Failed 2 Incode 
 sep YfxrrpDSNHsSHt7sdkz3BgAuKeQT7aX_0Pr5O4prpok sep [Type Name Here] 
[-0.14919092  0.11760753  0.08911805 -0.03143798 -0.10714836 -0.03340984
 -0.04911014  0.00045853  0.06872724  0.00142639  0.19477457  0.03630554
 -0.22582294 -0.06013394  0.0122407   0.1168216  -0.12878793 -0.08739399
 -0.10772479 -0.09816119 -0.020644    0.04832983 -0.02775004  0.01937477
 -0.09209903 -0.25570491 -0.06708048 -0.11198488 -0.01188827 -0.11506698
  0.05486926  0.01350885 -0.11986335 -0.02947111  0.01379004  0.05370761
 -0.06117975 -0.09682261  0.2126281  -0.07481934 -0.17267118 -0.03102176
  0.11016504  0.29573229  0.16666737 -0.04697587  0.00659804  0.00495042
  0.10382475 -0.29211041  0.07539687  0.1653454   0.04800729  0.12061347
  0.08269896 -0.11937684  0.03882542  0.12471709 -0.14489938  0.03295223
  0.07134356 -0.09818188 -0.07240935 -0.13662553  0.18802102  0.12771891
 -0.10588697 -0.16329838  0.09785224 -0.16890883 -0.05633558  0.11442208
 -0.11157552 -0.16970511 -0.23891403  0.13546735  0.35266164  0.20617633
 -0.14356478  0.01285772 -0.0743278  -0.05286912  0.02609329  0.04239603
 -0.06038308 -0.00803325 -0.06623024  0.06206904  0.19958766 -0.02164969
  0.02101758  0.2000441   0.05586281 -0.03474829  0.02363359  0.02143851
 -0.0269268  -0.0169156  -0.1005054   0.06497431  0.09184484 -0.16718069
  0.03172604  0.0815145  -0.15838996  0.13137783  0.02247306  0.00308152
  0.01921278  0.03337209 -0.09105004 -0.04958989  0.20414068 -0.19907771
  0.21876551  0.14137542  0.01651068  0.12185519  0.06635924  0.15777394
 -0.06172618 -0.05621447 -0.09985962 -0.05647052  0.04788525  0.00401913
  0.01446488  0.04599008] sep NAcbq_HZWGF-DU92D24ZL_-48HI6LX1oaddHlMnoaoc sep [Type Name Here] 
Failed 2 Incode 
 sep GmvTDNHJlt6zjkjxXCEiPizgxcJ8Iy4uQlalMIOBm2E sep [Type Name Here] 
Failed 2 Incode 
 sep kaN2jtY-rE8tW69tVdqEgeglcWfRuHpdztzL1HgTFb0 sep [Type Name Here] 
Failed 2 Incode 
 sep bCzaw1uubZDlZho8qBeaxjtLVxU4v1MSLBu37o1soG8 sep [Type Name Here] 
Failed 2 Incode 
 sep DsqpSvKmlxh2Fc6FU6FdaMd9BLs24c65WYb1HLBGQGw sep [Type Name Here] 
Failed 2 Incode 
 sep cI4qTDZRfW4MxNJoqAReo3dqkPyyrgUAZaIJXWN_uJQ sep [Type Name Here] 
Failed 2 Incode 
 sep _vmlfkg-UInT9ERJP50MX5_Rh1bBnzMrWRkMJdrjmfY sep [Type Name Here] 
[-0.10885044  0.10348275  0.08844462 -0.0351271  -0.07840808 -0.05938958
 -0.05515773 -0.03501426  0.08932357 -0.0275026   0.21460494 -0.00563055
 -0.2159912  -0.04571488 -0.02364605  0.13766715 -0.12775682 -0.07368688
 -0.06504571 -0.09399218  0.03870667  0.04143971 -0.03258426  0.04374181
 -0.09129371 -0.2287131  -0.06731337 -0.12171279 -0.01551077 -0.14364107
 -0.00522328  0.05541267 -0.13464764 -0.02693428 -0.00037739  0.035039
 -0.01183033 -0.0642528   0.15365514 -0.07754494 -0.16887259 -0.03785245
  0.09654146  0.27691126  0.16225255 -0.02791971 -0.00488885 -0.0339884
  0.0724634  -0.26956624  0.07123299  0.11896858  0.04800516  0.09855898
  0.06014072 -0.17601471  0.01908051  0.0513198  -0.14509524  0.04063758
  0.08615486 -0.07905006 -0.08982151 -0.12148742  0.2186022   0.10083596
 -0.13997926 -0.15726858  0.0807979  -0.15501738 -0.03107515  0.10499939
 -0.11033553 -0.1743688  -0.2479917   0.11575327  0.36258188  0.16589758
 -0.1680125   0.07109538 -0.10278884 -0.04278331  0.03477612  0.04882349
 -0.03461579  0.05726785 -0.07760286  0.07805119  0.15278806 -0.05681197
  0.02082367  0.21907668 -0.00598203 -0.00819888  0.00669214  0.05902583
 -0.05221577  0.01391814 -0.09279966  0.04783319  0.09981179 -0.1376051
  0.00935301  0.09255178 -0.16254655  0.13498804  0.01482589  0.02124084
  0.01744602  0.02658347 -0.11248025 -0.05895399  0.18055895 -0.23673795
  0.18764636  0.12524988  0.03950303  0.12480532  0.06204     0.14836104
 -0.02660622 -0.05943844 -0.13701716 -0.01962931  0.07690121 -0.02383285
  0.00341269  0.04898907] sep qySRW-yy3FhoQLOJkqnseozzI6sBKLM7plU63HDWvHc sep [Type Name Here] 
[-0.13030297  0.14437111  0.06697981 -0.00304099 -0.08602578 -0.03153775
 -0.04012958 -0.06034283  0.11500111 -0.01415043  0.19777051  0.00911657
 -0.24909922 -0.04369648  0.00271816  0.12498251 -0.13300332 -0.084444
 -0.12448441 -0.15311556 -0.01505074  0.01441323 -0.0042293   0.03835212
 -0.13663982 -0.2409392  -0.05478872 -0.09272969  0.03646673 -0.14276206
  0.04238185  0.02728118 -0.1661721  -0.03580122 -0.00436376  0.03322779
 -0.00797845 -0.08850897  0.13852333 -0.04536743 -0.13509357 -0.05184583
  0.05047254  0.24997021  0.1960119   0.02128292  0.01500518 -0.06891017
  0.0541428  -0.23672159  0.03845947  0.12751968  0.02633896  0.10532015
  0.02801075 -0.16281572 -0.00174186  0.08208361 -0.10120573 -0.00908236
  0.06749821 -0.09373981 -0.11760644 -0.14710619  0.1966354   0.06632549
 -0.12386599 -0.12834105  0.12803571 -0.16023126 -0.07251387  0.0754791
 -0.07265132 -0.1517117  -0.2884472   0.13246581  0.38069648  0.21631327
 -0.15769143  0.0148395  -0.10188568 -0.00572446 -0.02943812  0.06698987
 -0.09352764 -0.01299293 -0.0416817   0.05550404  0.15431397 -0.00963267
  0.00882741  0.19112895  0.01132827 -0.0025512  -0.02492821  0.03450962
 -0.08741865  0.00969063 -0.05564655 -0.00920933  0.12453963 -0.08614781
  0.05106198  0.12187956 -0.18668476  0.18134062  0.01259076 -0.01246436
  0.06658094  0.0524708  -0.05742349 -0.05131898  0.18814212 -0.24519403
  0.17478591  0.20905609  0.04792646  0.14325038  0.07301777  0.17462005
 -0.03187943  0.0043364  -0.13496277 -0.07161807  0.05096688 -0.04777691
 -0.00214952  0.04546948] sep Qmt4v8eU2ekUwZUuB7AnCojuGPpHKjmn3jNa1JwrkgQ sep [Type Name Here] 
Failed 2 Incode 
 sep Ncm19cKp7qBBSYJTPswV6nWYk1ADpgoxK0CPNB5yaxQ sep [Type Name Here] 
Failed 2 Incode 
 sep g6ZG67EXqpH9IvUoFQnbrQ02AN25n7X1twEGOOfL5bo sep [Type Name Here] 
[-8.99777934e-02  1.08188733e-01  8.50213021e-02 -2.19651554e-02
 -5.65233156e-02 -1.71606131e-02 -6.23271614e-02  1.95012335e-02
  8.49653855e-02  1.86391994e-02  2.32209966e-01  2.59229690e-02
 -2.32144952e-01 -5.98344542e-02  3.43391821e-02  1.07177556e-01
 -9.86904949e-02 -5.63878082e-02 -1.11007661e-01 -9.19137001e-02
 -1.01836445e-02  3.33694033e-02 -2.18581818e-02  3.29243727e-02
 -1.07910037e-01 -2.38496348e-01 -4.57872152e-02 -1.54829323e-01
  2.87516993e-02 -1.73343793e-01 -6.09531999e-05  1.82491224e-02
 -9.96167287e-02 -5.11641614e-03  2.09031068e-03  1.23006273e-02
 -1.30148996e-02 -9.68870223e-02  1.82602644e-01 -7.64960349e-02
 -1.33698910e-01 -5.10302931e-02  6.05016686e-02  2.52334416e-01
  1.63906336e-01 -2.33777948e-02  2.60679461e-02 -4.75604739e-03
  8.99716467e-02 -2.57704884e-01  8.89510810e-02  1.09782577e-01
  6.22040443e-02  1.02573097e-01  7.48424083e-02 -1.84185401e-01
  1.63034163e-02  6.92770928e-02 -1.71893030e-01  6.58061504e-02
  4.27040607e-02 -6.26908466e-02 -1.17594793e-01 -1.17030241e-01
  1.93837106e-01  1.26739770e-01 -1.23217188e-01 -1.63574323e-01
  7.72388875e-02 -1.65389895e-01 -6.97701611e-03  1.24815449e-01
 -1.17092341e-01 -1.60988703e-01 -2.09712788e-01  1.04841784e-01
  3.16783667e-01  1.66004047e-01 -1.98165491e-01  1.88288447e-02
 -7.80067667e-02 -5.57562895e-02  2.64676511e-02  1.04276454e-02
 -5.46957403e-02 -9.30649694e-03 -7.08910078e-02  5.12850396e-02
  1.81852743e-01 -3.72623764e-02  2.68637128e-02  1.87507078e-01
 -9.51029360e-05 -3.27898860e-02 -1.18545350e-03  3.09082363e-02
 -3.55562121e-02 -7.85473548e-03 -4.26643789e-02  5.18588051e-02
  9.85652059e-02 -1.60825893e-01  4.18408401e-03  5.19991890e-02
 -1.70991689e-01  1.29421696e-01  3.14915702e-02  1.86703093e-02
  4.98165861e-02  3.60986516e-02 -1.16896503e-01 -5.77300936e-02
  2.28208855e-01 -2.30431557e-01  2.11371630e-01  1.36336550e-01
  4.65155840e-02  1.03065059e-01  2.81527340e-02  1.63045928e-01
 -3.84351052e-02 -3.41023877e-02 -1.21428303e-01 -3.67801301e-02
  4.03725430e-02 -3.11244074e-02 -1.21073676e-02  3.13195959e-02] sep nmHQWlIYy7I4GceAx8E4MtFm53lOI3elHTGjQCg581I sep [Type Name Here] 
[-0.08955644  0.06428368  0.07111239 -0.04819046 -0.0828187  -0.03541417
 -0.05715089 -0.00270525  0.10435342 -0.01848973  0.1801862   0.02728678
 -0.22606573 -0.04525862  0.02575433  0.11036619 -0.09198186 -0.04462932
 -0.14816885 -0.12536769  0.01046016  0.07015347 -0.03220523  0.01298527
 -0.09704053 -0.22906315 -0.06801477 -0.08742751  0.03107762 -0.1199532
  0.02754647  0.03377188 -0.15766488 -0.01844132  0.00281991  0.02521527
 -0.05837622 -0.09265602  0.15204154 -0.04309044 -0.14923131 -0.04947667
  0.04025843  0.25844151  0.18559955 -0.0338537   0.0115202  -0.04581581
  0.0915058  -0.28213108  0.07025339  0.12482913  0.03947971  0.11188124
  0.07033261 -0.15057498  0.04094735  0.12293107 -0.15886384  0.04722185
  0.06200476 -0.10081025 -0.12560453 -0.13541993  0.19300503  0.11418474
 -0.13532425 -0.17891207  0.07461773 -0.16605224 -0.03276753  0.10684564
 -0.10749222 -0.16222423 -0.29657918  0.11927184  0.38340399  0.17212377
 -0.19089602  0.01994529 -0.08206247 -0.02114546  0.06700779  0.03242018
 -0.08431982 -0.00729394 -0.05616499  0.07818145  0.18208231 -0.0506428
  0.00170406  0.19881691  0.02367667 -0.01249121 -0.01414715  0.03387447
 -0.03926615 -0.01687324 -0.06894246  0.04860638  0.12267421 -0.14365155
  0.02948153  0.09707952 -0.15405795  0.18868613  0.03855853  0.00361717
  0.05393475 -0.00060689 -0.12661982 -0.04987561  0.20065063 -0.22468799
  0.19961308  0.14856969  0.06086591  0.12534188  0.05402526  0.16098468
 -0.06214074 -0.01660719 -0.13507318 -0.02192104  0.06314555 -0.00280023
 -0.00119604  0.03361729] sep f2h4Ir40RsuQBsUvntOFCFZivFYZyNbebPJ0ZY4BWeE sep [Type Name Here] 
Failed 2 Incode 
 sep Uh4Oj1_Aowu-UsTW3j9ynyZVZkI70515qY8PmRgLczE sep [Type Name Here] 
Failed 2 Incode 
 sep PbANOQd2ke7UWK0Ar0N-lz7t3BxdpsCaAngHyTUTw-4 sep [Type Name Here] 
[-0.08193304  0.09268992  0.07683236 -0.03316595 -0.09725261 -0.04522041
 -0.07202647 -0.0207486   0.07665344 -0.00247285  0.20553583  0.02183368
 -0.2246598  -0.0415324  -0.01189113  0.11582512 -0.12803765 -0.06049247
 -0.10066695 -0.09368713  0.0343731   0.06049818 -0.03261227  0.02093009
 -0.09802284 -0.20418794 -0.06317427 -0.0895474   0.01463892 -0.15822822
  0.01834709  0.06367812 -0.15322398 -0.03107693  0.01802886  0.04567181
 -0.02200494 -0.068157    0.1472237  -0.0697806  -0.17247692 -0.03305481
  0.08041519  0.27025694  0.1646058  -0.02362353 -0.00543147 -0.03951264
  0.06384517 -0.27418518  0.07766888  0.13213009  0.05317958  0.10058443
  0.04942845 -0.18090944  0.02152537  0.08414502 -0.14491262  0.04997322
  0.09075563 -0.10269341 -0.08933941 -0.13169558  0.18891071  0.09700935
 -0.13150468 -0.18310949  0.07340137 -0.15794273 -0.04824166  0.12040427
 -0.09439369 -0.16203326 -0.27170137  0.10018025  0.36738729  0.15811169
 -0.17977257  0.05321874 -0.08617769 -0.04462259  0.02588915  0.04036532
 -0.06109319  0.05493582 -0.07593279  0.09196043  0.17257378 -0.05339419
  0.02159026  0.21829407  0.00799469 -0.01107608  0.01168723  0.05213573
 -0.0363624   0.00368347 -0.08734281  0.04660108  0.11024611 -0.15592702
  0.02431513  0.10470672 -0.14531718  0.15054619  0.01917522  0.01876365
  0.03208891  0.01340497 -0.11691035 -0.05948233  0.20600989 -0.24207865
  0.20403092  0.13670993  0.04974296  0.10926987  0.07114075  0.16629635
 -0.03567097 -0.05282015 -0.13443358 -0.0262202   0.06364038 -0.03087786
  0.0060131   0.04665564] sep BVMPcYrrJDd7K3r06bl90cqryloxsqqp2OHIYe1KuSE sep [Type Name Here] 
[-0.11695114  0.12013374  0.05926016 -0.0147368  -0.11840673 -0.00721474
 -0.08314169 -0.02860822  0.09474023 -0.03700842  0.20221734  0.02166457
 -0.24947351 -0.01911141 -0.00834059  0.1339808  -0.14702317 -0.05737345
 -0.1337108  -0.14901285 -0.02989595  0.05420765 -0.01336224  0.038274
 -0.11703798 -0.23779835 -0.07858597 -0.09625699  0.03446596 -0.13476588
  0.02529526  0.0203596  -0.15456337 -0.03647957  0.02446659  0.06341031
 -0.027367   -0.10423372  0.18888578 -0.06197798 -0.14771216 -0.00708044
  0.12226559  0.27118367  0.21872395 -0.03030955 -0.00583977 -0.04835934
  0.10876432 -0.28927863  0.04350732  0.15905811  0.07868407  0.11772847
  0.05786286 -0.125293    0.02194202  0.154966   -0.12952425  0.02535229
  0.08216386 -0.09276996 -0.09783351 -0.12460054  0.19743407  0.11736921
 -0.1284228  -0.17019057  0.13193576 -0.18072551 -0.06940287  0.113658
 -0.09509376 -0.17624107 -0.27063891  0.14139849  0.39889657  0.24273352
 -0.16277993  0.03217607 -0.06970687 -0.05379817 -0.01723436  0.06767483
 -0.09209225 -0.03432727 -0.05271664  0.09683806  0.20354393 -0.01123353
  0.04362842  0.21648699  0.05009086 -0.01467402  0.00436493  0.05389765
 -0.09673131 -0.04489497 -0.12081908 -0.00188194  0.11451314 -0.1179104
  0.05366376  0.12676316 -0.17309582  0.17948227 -0.01974929 -0.04535202
  0.04750669  0.02802976 -0.04744155 -0.01816646  0.22345929 -0.21087901
  0.18185949  0.14880419  0.03367872  0.12429623  0.08272819  0.18076511
 -0.04231927 -0.03428764 -0.13598116 -0.09047715  0.03565707 -0.05346753
  0.02556014  0.02515071] sep CuxD98PXYQ5qzxokMTv0-5vNA90U-7au-yu33bfVI4g sep [Type Name Here] 
Failed 2 Incode 
 sep Ui0PYew9UHYqhxFozHfYSFUTPUivWXWIY9qyAu387QM sep [Type Name Here] 
Failed 2 Incode 
 sep eVh8uQ5112-f8OZGSPTfo7R1Dtzqc99pLcyX5rsw_Ew sep [Type Name Here] 
Failed 2 Incode 
 sep 2UTaiIm8oFhwYRMMV_T5mq0agj5owmSA4wiSwQg6GAc sep [Type Name Here] 
Failed 2 Incode 
 sep zzlJ5w77X7ZsLwfk1tZD_CX0d_eYmQ3dpya3NivuEvY sep [Type Name Here] 
Failed 2 Incode 
 sep 4AH7jV7baN0eGxpiHyJt1UG1sfdT7CZzDz99Z9UOQGM sep [Type Name Here] 
Failed 2 Incode 
 sep 2IlA1XPceAEG927TWrcXG9e4cTSTAHLVai8dOQFDaj0 sep [Type Name Here] 
Failed 2 Incode 
 sep XvAObBaAJfEtk-_NcFa1WptH77R6_oyXw4r-gl6uZqA sep [Type Name Here] 
Failed 2 Incode 
 sep 91f3dzBufKIPUZZKITs2xiv61eDwjkeb7EJFQwOGILM sep [Type Name Here] 
Failed 2 Incode 
 sep XKH6tQKelB3VexlsoSBL4nXgNTbAYp_qeopQ1sTElos sep [Type Name Here] 
Failed 2 Incode 
 sep 6nN7jJM2VV5moDyRdXbEPEZu5mmU_iwiEhLauFLr92k sep [Type Name Here] 
Failed 2 Incode 
 sep -EcsIdzmbmJ7wlbtiPUrYnSa8UQhXG6OAq4iMZcWy0k sep [Type Name Here] 
[-0.13009638  0.1267357   0.0899161  -0.03480415 -0.13045026 -0.02779233
 -0.08570511 -0.04128098  0.08692609 -0.03647861  0.21193455  0.00350149
 -0.21939746  0.00236708 -0.04462707  0.14618291 -0.15462485 -0.07124035
 -0.09195194 -0.10950229 -0.00812263  0.03177997 -0.02377989  0.05726032
 -0.10473394 -0.24412183 -0.06097794 -0.091552   -0.00573063 -0.12336482
  0.01891593  0.05624997 -0.13232459  0.00227203  0.02750614  0.06585785
 -0.01243142 -0.08344072  0.16589414 -0.08686541 -0.17914017 -0.03714992
  0.1228589   0.29099596  0.17614734 -0.03508534 -0.01023493 -0.03770787
  0.08402783 -0.27017558  0.04328283  0.13960363  0.0390195   0.10880183
  0.03714429 -0.15917689  0.03587729  0.09644454 -0.11291157  0.00403503
  0.09052638 -0.12172642 -0.09994497 -0.15308812  0.22799671  0.12636662
 -0.14180404 -0.18599656  0.07460454 -0.16939476 -0.05229473  0.11041458
 -0.11274872 -0.15378195 -0.26548523  0.10327666  0.38706863  0.20668873
 -0.16292498  0.03301628 -0.08060599 -0.03552584  0.00259468  0.08694073
 -0.07137544  0.02679694 -0.06935776  0.08449603  0.17803162 -0.04201584
  0.03273829  0.20796071  0.02808163 -0.01773788 -0.01206808  0.04420501
 -0.08408108 -0.00977953 -0.10550574  0.02470282  0.08728019 -0.10229957
  0.0338943   0.11245661 -0.18803264  0.15051125 -0.00532525 -0.00526411
  0.04507994  0.03332789 -0.07001662 -0.06337205  0.20200256 -0.22773582
  0.16296166  0.14875254  0.06832261  0.13125513  0.07905502  0.15991753
 -0.04580112 -0.03032134 -0.11998121 -0.03277296  0.05747032 -0.05973063
  0.01214038  0.02354578] sep -hyOiSnNf1jJ6VIQmj36oPf1e08YE_cvISU544Yn6dE sep [Type Name Here] 
Failed 2 Incode 
 sep Ga22MhSS7cSRjpBlFfFJQffqZNJpB7SRU9jREUIlFaY sep [Type Name Here] 
Failed 2 Incode 
 sep ar18cW4v9_oDwCvb7yF9rkbAGjvDBQEvz4eNPq1gXt0 sep [Type Name Here] 
Failed 2 Incode 
 sep A4C_kBGINnVr2GMBR_JvsX9TR7xfzsnooOgasCXaw7M sep [Type Name Here] 
[-9.53366235e-02  9.93866995e-02  8.90863240e-02 -4.62194905e-02
 -9.76134017e-02 -5.36773279e-02 -7.51442462e-02 -4.14800048e-02
  9.28792059e-02 -2.83796005e-02  2.02361941e-01 -1.30709363e-02
 -2.27904975e-01 -1.56956911e-02 -2.03592014e-02  1.46150947e-01
 -1.61687031e-01 -6.75477460e-02 -7.86866844e-02 -7.43772686e-02
  3.02231424e-02  4.74779718e-02 -1.84967127e-02  3.40032205e-02
 -8.53173286e-02 -2.41605327e-01 -7.37925991e-02 -1.28621727e-01
 -8.22293665e-03 -1.29699871e-01 -1.12167560e-04  6.01447150e-02
 -1.36085048e-01 -5.86477667e-03  1.28629804e-02  3.71580794e-02
 -1.84138175e-02 -8.22504386e-02  1.52458876e-01 -7.73019940e-02
 -1.99814662e-01 -4.48114127e-02  9.30099413e-02  2.54243731e-01
  1.82129383e-01 -3.77625190e-02 -1.14523340e-02 -4.83963788e-02
  8.68160129e-02 -2.67498136e-01  7.32925683e-02  1.24811821e-01
  3.11517417e-02  1.04977854e-01  6.54811934e-02 -1.73464179e-01
  4.17017266e-02  6.91757277e-02 -1.38558149e-01  3.13569978e-02
  1.14308551e-01 -9.15727541e-02 -8.38429332e-02 -1.15496680e-01
  2.05604851e-01  1.02884419e-01 -1.30731225e-01 -1.77369639e-01
  7.70240426e-02 -1.55102819e-01 -3.86434495e-02  1.10823885e-01
 -1.28246605e-01 -1.74169019e-01 -2.53986984e-01  9.69353765e-02
  3.75508934e-01  1.53519362e-01 -1.67953774e-01  5.86792938e-02
 -7.41498396e-02 -4.59395908e-02  5.34545779e-02  6.93053007e-02
 -4.07344960e-02  4.30252403e-02 -8.00309181e-02  8.11534524e-02
  1.71738818e-01 -7.55687132e-02  3.18335295e-02  2.26270467e-01
 -1.47802327e-02 -1.15127275e-02  8.21834616e-03  5.29249124e-02
 -4.27294523e-02  1.33971367e-02 -1.06976062e-01  4.48844731e-02
  1.07763357e-01 -1.33755133e-01 -8.21365602e-03  9.71051753e-02
 -1.53609678e-01  1.18674077e-01  1.42740374e-02  1.38705112e-02
  2.46822387e-02  4.58472176e-04 -1.12171382e-01 -6.19256087e-02
  1.99571103e-01 -2.19167992e-01  1.94721788e-01  1.28311396e-01
  5.27529493e-02  1.08694501e-01  5.87851107e-02  1.53377086e-01
 -3.31327766e-02 -5.71410023e-02 -1.52835265e-01 -9.19326488e-03
  8.92616883e-02 -1.27793737e-02 -1.39345098e-02  3.06590609e-02] sep ovbJMr9kErOYVPZrnpbTikPVeE5IECkK6hKOAjCEd0I sep [Type Name Here] 
Failed 2 Incode 
 sep GewQe3nnReEgazh0hlu5f5tuQZBJuNxEgKhnNTaV2ac sep [Type Name Here] 
Failed 2 Incode 
 sep wM3IuFhJTWRMzJ8JvATum9oK4Vj8Oo-Ld9ycnoIvRPU sep [Type Name Here] 
Failed 2 Incode 
 sep VkIC-H_uWo_3_WLzhDZkYjsoKYR5DtLrTo9_oOzrTsU sep [Type Name Here] 
Failed 2 Incode 
 sep Te9M021yB__eC1uajRGihaL_ZXdoXaes--CBa7srJr0 sep [Type Name Here] 
Failed 2 Incode 
 sep wvXKA8agVcrKuQEnf593Mw4U3ln9tzcOAnGQEjJNmyQ sep [Type Name Here] 
[-0.12313803  0.12524745  0.06082932 -0.04401971 -0.0992139  -0.05298478
 -0.05916333 -0.03959276  0.13990103 -0.0384069   0.18277018 -0.01306648
 -0.2522485  -0.03082712 -0.00211914  0.14924088 -0.1299506  -0.06602845
 -0.12439478 -0.12109467  0.04536304  0.02510105 -0.0214415   0.06034365
 -0.12202883 -0.24415132 -0.06417818 -0.06532865  0.01135679 -0.15177751
  0.04312364  0.08296841 -0.15386879 -0.0421256   0.00542537  0.05728561
 -0.01045282 -0.09505083  0.130191   -0.07831011 -0.18405007 -0.05426964
  0.065998    0.24016254  0.1810952  -0.01564785  0.01768932 -0.04291057
  0.04549337 -0.27564603  0.00042789  0.15407856  0.02798433  0.11043748
  0.05364358 -0.17366764  0.03205803  0.10895745 -0.11811542  0.00759573
  0.08675454 -0.13808924 -0.07332918 -0.134049    0.18838942  0.0622413
 -0.15028022 -0.13796046  0.10197472 -0.15106377 -0.03277468  0.09264415
 -0.09811887 -0.19537225 -0.28066331  0.11198693  0.37488544  0.22931625
 -0.16168205  0.04815296 -0.10140797 -0.01167238 -0.02792283  0.08245362
 -0.05764129  0.00227376 -0.05964058  0.08410664  0.15059392 -0.02967657
  0.04362611  0.23520191  0.01675024 -0.00844555 -0.05061945  0.04159543
 -0.09049393  0.00338823 -0.04633931  0.03870424  0.10205087 -0.11606316
  0.04107083  0.12225914 -0.16391395  0.1790707  -0.00540048  0.00649378
  0.02148046  0.04839595 -0.06050222 -0.04971742  0.17936346 -0.22998148
  0.16891083  0.20727663  0.04770181  0.1434996   0.06744236  0.18040144
 -0.00886287 -0.02831556 -0.12424725 -0.05330891  0.05311188 -0.05212552
 -0.01386585  0.03633013] sep t8pyQqL-pGen35KPfsOGcD-kcrwAq1lYUcafpx6Pmdc sep [Type Name Here] 
Failed 2 Incode 
 sep ZCGFtrbx75Xgik8lBrna-CRXhavCWgOQsAuJafRadDA sep [Type Name Here] 
[-0.08069573  0.05994989  0.02042838 -0.09758684 -0.01583691 -0.12986763
 -0.03085234 -0.06432258  0.11646558 -0.04676208  0.16769978 -0.06094022
 -0.24252513 -0.07008782  0.00059673  0.07183199 -0.12597539 -0.0896319
 -0.10766924 -0.09441838  0.0195447   0.05723523  0.03192898  0.04467306
 -0.104715   -0.34639636 -0.14307514 -0.13949358 -0.01680387 -0.09878328
  0.00368567  0.04535447 -0.25133407 -0.12520494  0.00966316  0.03979149
  0.01651508 -0.02325764  0.18744123  0.08800018 -0.14001076 -0.05839413
  0.10152981  0.23823388  0.17835264  0.07161894  0.00161319 -0.01266428
  0.11475417 -0.23436733  0.15706022  0.09274679  0.14385916  0.10076118
  0.12098421 -0.16815451  0.09254929  0.06573056 -0.21900009  0.08946512
  0.04548977 -0.08231924 -0.03613908  0.07318191  0.20327698  0.07917732
 -0.03408472 -0.11957429  0.16477378 -0.15924837 -0.00262263  0.10902612
 -0.07821216 -0.14444539 -0.29756045  0.09715077  0.35268545  0.14451288
 -0.15419883  0.0526505  -0.11172066 -0.09447241  0.07821444  0.00062923
 -0.07705503  0.04787298 -0.11237994  0.07380442  0.1881749   0.0013447
 -0.06271257  0.22818196 -0.05346826  0.05976933  0.08082548  0.045431
 -0.12845294 -0.02888854 -0.093767   -0.01382961  0.1511074  -0.09627047
 -0.06287233  0.09233647 -0.19538112  0.0895939  -0.02306606 -0.09132827
 -0.08230992 -0.01973148 -0.0919514  -0.03996309  0.13170901 -0.22647697
  0.21800724  0.14245136 -0.05387717  0.14337212  0.02699487  0.02313959
  0.01354871 -0.09013504 -0.13559271 -0.09834863  0.08565123  0.04587889
  0.06978717  0.03788382] sep xnVmtm_WgM9lRDjdQUNepk9G_jy51vrpiZ-8Umld8GM sep [Type Name Here] 
[-1.22160956e-01 -2.29614470e-02  5.27162291e-02 -8.74392837e-02
 -7.57941324e-03 -9.99773145e-02  3.73418331e-02 -6.18833378e-02
  1.39920175e-01 -1.05341837e-01  2.62531191e-01 -4.55503017e-02
 -2.43279696e-01 -7.09197223e-02 -2.87778843e-02  8.77807438e-02
 -5.80088645e-02 -9.33842808e-02 -1.14231005e-01 -4.38696668e-02
  4.44894806e-02  4.69606929e-02 -1.35375177e-02  2.59850882e-02
 -1.14123285e-01 -3.37859601e-01 -1.48618326e-01 -1.19229607e-01
  2.41231080e-03 -6.43563792e-02  3.35299298e-02  6.09300919e-02
 -1.95897639e-01 -7.25076050e-02 -1.37445321e-02  4.85817380e-02
  3.54381204e-02 -7.96151347e-03  1.76053464e-01  5.76499663e-02
 -1.74317107e-01 -9.04082283e-02  7.63655156e-02  2.18807623e-01
  9.72197205e-02  5.92163391e-02  2.34609824e-02 -2.90521402e-02
  2.41140723e-02 -2.31229916e-01  1.25331908e-01  6.19094893e-02
  1.56457901e-01  6.82752728e-02  1.35937870e-01 -1.75387502e-01
  6.68915659e-02  3.40197906e-02 -2.23746136e-01  7.48820230e-02
  1.34261148e-02 -3.72974202e-02 -5.75383380e-02  3.76214795e-02
  1.85354531e-01  6.63363859e-02 -6.32555336e-02 -8.57190713e-02
  2.29517072e-01 -1.57909334e-01  1.08659491e-02  8.86538401e-02
 -9.51104388e-02 -1.81633890e-01 -2.80569643e-01  7.77753741e-02
  3.60202283e-01  1.62362278e-01 -1.51993990e-01  9.86951739e-02
 -1.07259527e-01 -5.20308986e-02  7.75837749e-02 -3.43887806e-02
 -4.76034954e-02  7.37591758e-02 -9.74015594e-02  5.96005842e-02
  1.41852260e-01 -8.60008784e-03 -3.15537639e-02  2.11932063e-01
 -5.05345017e-02  1.24562364e-02  7.75562599e-02  3.11945789e-02
 -5.95516227e-02 -1.97405331e-02 -8.22935626e-02  8.90779216e-03
  1.47419438e-01 -8.34798366e-02 -3.19629582e-03  5.38360849e-02
 -1.91421986e-01  9.88629684e-02  2.13344581e-04 -7.92926848e-02
 -2.12663636e-02  3.78343053e-02 -1.22481599e-01 -4.29878123e-02
  1.39426053e-01 -2.33441323e-01  2.02502742e-01  1.35169297e-01
 -5.48252761e-02  1.48353189e-01  6.65233731e-02  4.70366888e-02
  1.11381784e-02 -8.12262222e-02 -1.46896243e-01 -9.58936140e-02
  5.84923066e-02 -1.04409019e-02  6.86751753e-02  5.67850322e-02] sep Z0GKlVwMQZubvtHWNkxgKQAjrdFGaSIWwsIbiZAcFRw sep [Type Name Here] 
Failed 2 Incode 
 sep ktPCyjj4SX24Py5TqB4ZlhivQeHN5IU-nS2HeBDZ5uM sep [Type Name Here] 
Failed 2 Incode 
 sep 1ZsaKONMoikVnznx-BT4Q-6GaLu8UeqBLUF7j9BbIb0 sep [Type Name Here] 
Failed 2 Incode 
 sep TzJDMs0eDgqn5vr9qMJYYnhdalSqmVvfXEl4nPTDr4Q sep [Type Name Here] 
Failed 2 Incode 
 sep VqXGKlTcg_mSVM8WbHbdkQxN1oUMS5NRkEA_N_WSfNQ sep [Type Name Here] 
Failed 2 Incode 
 sep r3OSb9az9wvzbRFrJrnzNxX6M8YmXnGxqbbmUm2saW0 sep [Type Name Here] 
Failed 2 Incode 
 sep y5AefS2BmNiL94HBHK6vOlVywq1EIl-p_gle7p7UYk8 sep [Type Name Here] 
Failed 2 Incode 
 sep 5ysjL18VXVBX-cFcW4JMuv0K5Zc99zQe-7qI1gFShGk sep [Type Name Here] 
Failed 2 Incode 
 sep l29Br0GKSHMbDi7iq2ocJ8OOFmkmfQzvDq8zQvBg-aQ sep [Type Name Here] 
[-0.21122381  0.07688805  0.05671872 -0.13786922 -0.17007282  0.00353919
 -0.0379845  -0.0741023   0.18379377 -0.17798817  0.16278829 -0.00973254
 -0.17305589 -0.01279712 -0.03725599  0.18241416 -0.1048113  -0.14233118
 -0.09690247 -0.11342087  0.06441329 -0.00963358 -0.03025872  0.13241567
 -0.16268909 -0.34523678 -0.10057345 -0.01819798 -0.11208644 -0.0574569
  0.02672292  0.04676349 -0.21541822  0.00360042 -0.03187414  0.14483708
 -0.04731322 -0.04389457  0.10396406  0.0085897  -0.23483527 -0.01570681
  0.10782046  0.23231126  0.18938974  0.02122326  0.03213518 -0.04011904
  0.16338237 -0.2360951   0.06532514  0.13570003 -0.00502539  0.05809331
  0.14765076 -0.11089168  0.04457761  0.13360348 -0.11070596 -0.03588515
 -0.02152186 -0.07800565 -0.07630657 -0.1352966   0.20336956  0.16394381
 -0.0824353  -0.1952498   0.21669529 -0.15899166 -0.07053069  0.10533695
 -0.14178002 -0.18132655 -0.31138033  0.06742789  0.46355978  0.21621931
 -0.12282843  0.08392013 -0.04550585 -0.0321633   0.03584062  0.15053469
 -0.00599888  0.08220917 -0.06079423  0.07939749  0.17450458  0.03045687
 -0.02622701  0.25291872  0.06284578 -0.00434517  0.03413215  0.04240183
 -0.13842122 -0.01777531 -0.14971265 -0.06639193  0.0386014  -0.00283932
 -0.02794395  0.07921338 -0.19840798  0.21247454 -0.03702985  0.01413475
 -0.11020024  0.05085535 -0.06668575 -0.00450619  0.08155046 -0.24075656
  0.08962233  0.14189357 -0.00984368  0.16997133  0.07838942  0.0793912
  0.00805409 -0.04303214 -0.14315943 -0.05822677  0.06027083 -0.06042279
  0.05879947  0.06785538] sep IF9HVnRf7iFfprqt90vB8wBgbOzM2dt4SEEVH6-DHJU sep [Type Name Here] 
[-0.19357631 -0.01170003  0.04455049 -0.12931556 -0.14639539 -0.01038183
 -0.02979757 -0.03937561  0.12705077 -0.16402428  0.16507269 -0.01570566
 -0.15049332 -0.02804588 -0.04687097  0.1500058  -0.07895731 -0.15482475
 -0.08440188 -0.0889298   0.05556978  0.02719732 -0.05683567  0.0889337
 -0.14663228 -0.35435578 -0.10544065 -0.01764074 -0.06671569 -0.02507219
  0.00541192  0.06421682 -0.20914283 -0.00119897 -0.00745025  0.15183452
 -0.03265347 -0.01851101  0.10511781  0.05623616 -0.22493175 -0.00652733
  0.08710652  0.26897803  0.19124535  0.02786193  0.00495485 -0.03609798
  0.11065383 -0.24378404  0.07650457  0.11615948  0.03127264  0.05814103
  0.10296626 -0.08473136  0.03294869  0.14695574 -0.14183843  0.00525823
 -0.05411103 -0.09162615 -0.05844986 -0.13771287  0.20891677  0.14618441
 -0.08761568 -0.17650267  0.22408351 -0.17288075 -0.08762799  0.06203881
 -0.1212216  -0.16116053 -0.31509018  0.07168197  0.43265969  0.19824906
 -0.14849082  0.093826   -0.02666041 -0.04627647  0.07172811  0.13703029
 -0.01473713  0.07329623 -0.04871994  0.05332591  0.1868955   0.02943478
 -0.0259605   0.22706112  0.03229817  0.02736964  0.0712458   0.04052919
 -0.10673121 -0.01850697 -0.15810737 -0.06810942  0.02913347 -0.03599697
  0.00363226  0.11000596 -0.17024273  0.20897965 -0.0296502   0.0024861
 -0.05425328  0.04372674 -0.04571768 -0.03570653  0.08349262 -0.2111941
  0.10345937  0.15496823  0.02915498  0.1721762   0.09955586  0.054242
 -0.003321   -0.02902319 -0.1815419  -0.02782418  0.05111511 -0.05520511
  0.05777043  0.0823174 ] sep j1Il9-aVjXLUZimrLy7--isN4ezJwoJHFbaRuqzvans sep [Type Name Here] 
[-0.18836376  0.1210177   0.08911717 -0.05426373 -0.11437283  0.0539229
 -0.026139   -0.0708131   0.23439097 -0.11528578  0.12623553 -0.0200904
 -0.19449784  0.07904249 -0.03786721  0.1350856  -0.12827049 -0.16010813
 -0.07901877 -0.06682263  0.0687572   0.013032   -0.01903922  0.12159235
 -0.23304692 -0.33337462 -0.06270389 -0.14485909  0.02686265 -0.10376565
 -0.08013049 -0.02784605 -0.1864603  -0.02344535  0.05263818  0.18594712
 -0.04898404 -0.07936315  0.17542416 -0.03814748 -0.22594623  0.04258664
  0.10260019  0.16112871  0.19192815  0.03043961  0.0303334  -0.13874289
  0.2284763  -0.24464698  0.06334347  0.14198832  0.06369554  0.11931702
  0.1742014  -0.2230785   0.00134245  0.07507525 -0.15499468  0.03041909
 -0.0106047   0.00739614 -0.06599523 -0.07003482  0.13747324  0.13144229
 -0.10091195 -0.18417463  0.23295026 -0.16419607  0.00911973  0.15594856
 -0.09421835 -0.18786061 -0.18292101  0.05434168  0.4451611   0.15547492
 -0.15168083  0.07194135 -0.04437357 -0.05375529 -0.03936992  0.10140365
 -0.05256866  0.04298023 -0.02913656  0.08912374  0.18727973  0.01970302
  0.05999726  0.18125993  0.01618985  0.05455946  0.04129051  0.12232766
 -0.2336114  -0.01421797 -0.14583519 -0.07552771  0.07594909  0.01407848
 -0.00332021  0.10232402 -0.22179346  0.18129513 -0.0683179  -0.06232762
 -0.06223022  0.03918444 -0.0725305   0.05175045  0.15553255 -0.28356674
  0.18300241  0.12466276 -0.07900438  0.12455675  0.04944212  0.032347
  0.06098899  0.00864054 -0.19989692 -0.10052358  0.04685389 -0.09647109
 -0.02408824 -0.00615832] sep _crO01jTVobft8jt90PpmKwIQgQvXL5om4J76dJhqdk sep [Type Name Here] 
[-0.20506069  0.08594299  0.05798392 -0.07868784 -0.04859532  0.01927197
 -0.02957949 -0.05180909  0.22635873 -0.11771     0.14644288 -0.01632675
 -0.17011437  0.0564219  -0.02856101  0.15121233 -0.16738231 -0.19986847
 -0.13881166 -0.08795139  0.04975753  0.02475341 -0.03622649  0.10739886
 -0.22294468 -0.3199029  -0.04738587 -0.14951359  0.02361202 -0.06434021
 -0.01822509  0.01169748 -0.16763175  0.00552164  0.09251361  0.17538583
 -0.06054123 -0.07027805  0.21923804 -0.05387625 -0.28080976  0.00870969
  0.15643328  0.22404033  0.23934941  0.00524601 -0.02608743 -0.08788729
  0.24435663 -0.28867939  0.05091943  0.18835676  0.09254905  0.14157754
  0.16792135 -0.18728834  0.06444856  0.05375251 -0.19038883 -0.02830181
  0.00236408 -0.0676247  -0.07423364 -0.03859829  0.11906433  0.14508775
 -0.11817304 -0.21355854  0.2112747  -0.19145922  0.02347192  0.16856797
 -0.11697413 -0.19795442 -0.19164078  0.00166355  0.41401169  0.13316225
 -0.12113384  0.13385105 -0.00519895 -0.06895166 -0.02040764  0.13883708
 -0.06266718  0.04499909 -0.04152982  0.08576083  0.17855735 -0.00397972
  0.05939102  0.17719975  0.01027654 -0.00649091  0.05508512  0.12980273
 -0.20811731 -0.0219887  -0.15390071 -0.06273793  0.07335033  0.05982348
  0.00783512  0.07377754 -0.18644007  0.20257413 -0.05517701 -0.01324092
 -0.05267597 -0.00087707 -0.00812648  0.00674986  0.1163763  -0.22897504
  0.14417845  0.09969039 -0.07581262  0.12166688  0.05506239  0.02146985
  0.04027282  0.01954569 -0.22904243 -0.0785141   0.01619348 -0.05829242
 -0.02191669 -0.01603337] sep jiqaZYtCLV7qbuTflQ2xlkSdXiL9ziZnx0O4fginSBI sep [Type Name Here] 
[-1.88793391e-01  6.98395073e-02  3.81775722e-02 -6.43604845e-02
 -7.49977231e-02  1.79351680e-02 -7.30352253e-02 -6.17002808e-02
  2.23987892e-01 -1.52020141e-01  1.18569143e-01 -4.50265035e-02
 -1.83766559e-01  5.89872040e-02 -4.63763848e-02  1.30612656e-01
 -1.83678910e-01 -2.00220346e-01 -9.44557413e-02 -9.35349315e-02
  5.23644947e-02  1.11062843e-02 -4.62647788e-02  1.02381319e-01
 -2.10654497e-01 -3.91467065e-01 -5.50705716e-02 -1.52561426e-01
  1.68198384e-02 -7.82786682e-02 -3.15926671e-02  1.83795840e-02
 -1.70733675e-01 -8.20336491e-03  7.40651488e-02  1.67519227e-01
 -1.86605789e-02 -7.11614564e-02  2.19541326e-01 -3.91199552e-02
 -2.35679209e-01  1.69198811e-02  1.32525474e-01  2.24871844e-01
  2.14129999e-01  1.63505580e-02 -5.03263623e-03 -9.65246409e-02
  2.66634583e-01 -2.75994241e-01  3.89665626e-02  1.85558707e-01
  1.02860861e-01  1.08189799e-01  1.82137579e-01 -2.08480313e-01
  1.07685886e-02  6.07492104e-02 -1.72045082e-01  9.91220307e-03
 -2.49686539e-02 -3.93352956e-02 -5.71582913e-02 -7.24495500e-02
  1.73045725e-01  1.54746488e-01 -1.11885279e-01 -1.76517710e-01
  2.66457349e-01 -1.49594560e-01  2.96961684e-02  1.02895036e-01
 -1.27660632e-01 -1.82758659e-01 -1.90982372e-01  8.58791359e-03
  4.05432612e-01  1.29957959e-01 -1.33701220e-01  1.08853012e-01
 -3.04533001e-02 -6.40446320e-02 -4.13566753e-02  1.32588625e-01
 -6.22659177e-02  2.76767742e-02 -1.91176701e-02  1.10657886e-01
  1.76389754e-01  1.84509028e-02  3.82248051e-02  1.41533896e-01
 -1.70604885e-02  3.85664701e-02  5.54103628e-02  1.05622709e-01
 -2.61010110e-01 -3.50936353e-02 -1.77836940e-01 -5.83932102e-02
  6.64205849e-02  5.45712486e-02  2.01444495e-02  1.21311039e-01
 -1.62339091e-01  1.67682230e-01 -7.07395896e-02 -4.84925732e-02
 -6.28577396e-02  3.57197486e-02 -1.48000354e-02  2.07111705e-02
  1.18024752e-01 -2.25538209e-01  1.73746660e-01  8.56543183e-02
 -5.61005250e-02  1.57579616e-01  2.82507259e-02  8.14278517e-03
  3.95572111e-02  1.97946858e-02 -2.38158971e-01 -9.36434120e-02
  8.56770203e-05 -3.75691578e-02 -3.08031011e-02 -9.95829236e-03] sep LAwTEksv2POOdIuJYMMtdjyJaZZoP_tVs0_iBliuDUU sep [Type Name Here] 
[-1.40337095e-01  9.29433554e-02  6.55292869e-02 -6.17222115e-02
 -1.05430871e-01  1.66578498e-02 -3.74951363e-02 -1.45495273e-02
  2.41054565e-01 -1.37525484e-01  1.23521388e-01 -5.39822578e-02
 -1.71234593e-01  6.68582171e-02 -2.61992514e-02  1.24804676e-01
 -1.77059680e-01 -1.66726500e-01 -1.06387109e-01 -9.69810486e-02
  9.10195336e-02  6.40099403e-03 -6.85517043e-02  1.05693601e-01
 -2.39840642e-01 -3.47389013e-01 -4.60212789e-02 -1.31858423e-01
  3.27066742e-02 -1.18123494e-01 -4.10207361e-02  2.27220282e-02
 -1.62174180e-01 -3.62293571e-02  4.34273779e-02  1.50566593e-01
 -1.85881685e-02 -7.64801130e-02  1.90954357e-01 -4.79473546e-02
 -2.37433508e-01  5.58272749e-02  1.13210820e-01  2.23509997e-01
  2.21422985e-01  1.36605529e-02  8.29542056e-03 -1.05998524e-01
  2.83066571e-01 -2.78042793e-01  1.75715685e-02  1.81802079e-01
  7.95201361e-02  1.04455136e-01  1.85758829e-01 -1.79809511e-01
  2.18868870e-02  7.56263733e-02 -1.93415880e-01  7.06921751e-03
 -2.55342573e-04 -4.25475389e-02 -4.20029201e-02 -7.09422380e-02
  1.53696835e-01  1.06136538e-01 -1.02387413e-01 -1.69088423e-01
  2.26648837e-01 -1.61244705e-01  2.39529796e-02  1.08063914e-01
 -1.01254039e-01 -1.77007303e-01 -2.10404426e-01  3.63067165e-02
  4.15014833e-01  1.33087680e-01 -1.43475369e-01  1.48519769e-01
 -3.53941061e-02 -6.22734912e-02 -1.30678117e-02  1.33895144e-01
 -5.77743426e-02  5.12568057e-02 -4.46448177e-02  1.31699085e-01
  1.69062734e-01 -7.45497644e-03  8.55579153e-02  1.76019609e-01
  2.17249077e-02  2.39905491e-02  5.49856536e-02  9.94448215e-02
 -2.74536043e-01 -1.63949095e-02 -1.58152640e-01 -3.32104005e-02
  9.35764164e-02  3.66250910e-02  1.49358101e-02  9.33700129e-02
 -1.78096220e-01  1.82285428e-01 -7.60485306e-02 -4.62405644e-02
 -7.80355111e-02 -7.19323475e-03 -2.62221992e-02  2.80086622e-02
  1.26067474e-01 -2.52293020e-01  1.23345830e-01  7.83837587e-02
 -7.57804066e-02  1.45549223e-01  3.85508761e-02  1.51663749e-02
  4.33471426e-02  1.48415985e-02 -2.12754905e-01 -6.70099780e-02
  2.42843740e-02 -6.08085096e-02 -2.63061859e-02 -1.42244371e-02] sep v2Zv9rfBttFT5N00jf0DWNYPT43prLel4n1-zRUq_Vs sep [Type Name Here] 
Failed 2 Incode 
 sep Fjpe0iMDV9j-Lz2ew48OpXojAR7j2X7FeTgjgp2GuQ4 sep [Type Name Here] 
Failed 2 Incode 
 sep GVjWaho5uUomtg0q3KGZ6Yy2Uu9ML81w855W5rcXLZU sep [Type Name Here] 
[-0.18050011  0.08168221  0.09600525 -0.07117689 -0.13077654  0.01642145
 -0.03098463 -0.03479649  0.21681812 -0.1679931   0.13932237 -0.0333373
 -0.26402113  0.10587738 -0.03961381  0.16724017 -0.15962073 -0.17595743
 -0.11913583 -0.10358122  0.00476896  0.04402964  0.00254304  0.09679846
 -0.21139516 -0.32671228 -0.04668208 -0.10176066 -0.01743162 -0.06139334
 -0.04234212  0.02727604 -0.17688979 -0.00686484  0.0763929   0.14985983
 -0.03917637 -0.03913461  0.18702661 -0.05296702 -0.25090641  0.04911738
  0.10966402  0.18270098  0.17769748  0.023802    0.0133622  -0.13521072
  0.18743949 -0.29162017  0.04257034  0.16019376  0.07111435  0.03947457
  0.15768689 -0.21121976 -0.01713022  0.14998226 -0.13930526  0.04744784
  0.02567089 -0.03241334 -0.09084204 -0.05983176  0.15767555  0.13723305
 -0.15930483 -0.19271506  0.19682316 -0.1595889   0.02364576  0.17551149
 -0.08032382 -0.19110134 -0.17668159  0.01983534  0.42318434  0.08361807
 -0.14684923  0.07940373 -0.02932557 -0.01254157 -0.01980552  0.11007319
 -0.1089775   0.00072041 -0.06504674  0.08466626  0.17052406  0.01377192
  0.03702711  0.18524802  0.01359848  0.02582305  0.05009251  0.13497907
 -0.2355426  -0.0631827  -0.16128959 -0.06666645  0.09478159 -0.00673099
 -0.04119518  0.07010932 -0.16732459  0.15227498 -0.11445318 -0.04346066
 -0.03566125  0.0279625  -0.04084878  0.02718557  0.14367607 -0.27508309
  0.14516221  0.10988062 -0.11492467  0.13354407  0.07971391  0.02642436
  0.03390808  0.02393845 -0.19852631 -0.11476462  0.06413832 -0.10216392
  0.0379778  -0.03672992] sep rGN-MRb2D6j9McAiytqA2w6xHb8ELFDWx_w34xUzMYI sep [Type Name Here] 
[-1.79676548e-01  6.70789555e-02  4.09173965e-02 -4.49664406e-02
 -7.26276860e-02  8.12373310e-03 -6.61422014e-02 -1.05437022e-02
  2.13739842e-01 -1.42472044e-01  1.23154327e-01 -5.41752651e-02
 -1.89548463e-01  5.09816706e-02 -4.11685072e-02  1.34082749e-01
 -2.00414121e-01 -2.01292694e-01 -4.19140160e-02 -1.02171995e-01
  6.91793934e-02 -1.53519707e-02 -6.27801940e-02  1.16254017e-01
 -2.26403028e-01 -3.73881251e-01 -4.22876030e-02 -1.41745150e-01
 -9.70007479e-03 -1.09489493e-01 -4.60958332e-02  4.33587730e-02
 -1.81658983e-01 -2.15979479e-02  7.96900168e-02  1.68067083e-01
 -6.86395727e-03 -4.94476408e-02  1.87366545e-01 -3.66403461e-02
 -2.21005455e-01  3.09454557e-02  1.10040896e-01  2.55645990e-01
  2.06185177e-01 -1.31349720e-03 -2.05515511e-03 -8.71403515e-02
  2.60111541e-01 -2.79909641e-01  9.08472016e-03  1.93251804e-01
  8.48032981e-02  8.47016275e-02  1.66530535e-01 -1.82596460e-01
  2.90565193e-04  7.83613622e-02 -1.66553617e-01  1.05037531e-02
 -3.60885970e-02 -5.95506504e-02 -4.07588333e-02 -8.40089321e-02
  1.53042838e-01  1.32075712e-01 -1.06078409e-01 -1.90019071e-01
  2.35778451e-01 -1.50926128e-01  1.39971618e-02  1.09072275e-01
 -1.04699217e-01 -1.88466191e-01 -2.18080476e-01  9.97026730e-03
  4.02553499e-01  1.31726682e-01 -1.23735428e-01  1.64600521e-01
 -2.26573069e-02 -5.80419376e-02 -4.16964479e-02  1.52627811e-01
 -7.48618394e-02  9.26468372e-02 -3.10984198e-02  1.26168534e-01
  1.58345923e-01  3.59924659e-02  2.79847309e-02  1.10084161e-01
 -3.34183276e-02  4.20192629e-02  9.53733772e-02  9.31485370e-02
 -2.55728036e-01 -5.75162023e-02 -1.94643810e-01 -8.51023942e-02
  3.38202193e-02  1.88066997e-02  2.63046753e-03  1.13494538e-01
 -1.72049671e-01  1.54244497e-01 -8.80681947e-02 -5.48492372e-02
 -1.09011360e-01  4.44116294e-02  3.52201797e-03  5.45890033e-02
  8.65341425e-02 -2.67576337e-01  1.42426476e-01  9.04983878e-02
 -5.33693396e-02  1.67386815e-01  2.60848459e-02 -1.77028216e-02
  1.37189971e-02  9.20483470e-03 -2.04008102e-01 -9.09813493e-02
 -1.16918050e-03 -1.86277628e-02  9.11837630e-03 -3.66061255e-02] sep t_VdJ7iCFyegx698r2rPhafmrn9J-dkErwx96vbUxvQ sep [Type Name Here] 
[-0.1901664   0.06419151  0.03532315 -0.06646512 -0.07547372  0.02919449
 -0.06344528 -0.00983946  0.19534458 -0.14798142  0.14025559 -0.03918593
 -0.20870808  0.0355099  -0.03576223  0.12992483 -0.20569248 -0.2026975
 -0.05044299 -0.10237533  0.06703127  0.0165415  -0.03953158  0.11191682
 -0.23059864 -0.38846713 -0.04181414 -0.14034072 -0.01392616 -0.09940448
 -0.01966207  0.05591242 -0.18696456  0.00219833  0.07851977  0.17082652
 -0.00120891 -0.04446883  0.19448091 -0.0307087  -0.22289184  0.0298446
  0.13116214  0.25602299  0.20547259 -0.00862187 -0.00285576 -0.07595706
  0.24138695 -0.26777384  0.0250449   0.20689796  0.07953946  0.08243811
  0.17441262 -0.16110019  0.00922026  0.07161926 -0.16208459 -0.01221982
 -0.0357155  -0.0418197  -0.03598205 -0.07442958  0.15203883  0.12203403
 -0.10295303 -0.19679783  0.24454217 -0.14857601 -0.00433702  0.12247655
 -0.12934059 -0.16463658 -0.21085483  0.0135299   0.40617394  0.1169394
 -0.10568348  0.1759495  -0.0241891  -0.07318179 -0.04688479  0.14294292
 -0.07423365  0.07199825 -0.02517257  0.14112544  0.16183488  0.04750082
  0.01757711  0.11468836 -0.01380605  0.01833034  0.11983817  0.09836221
 -0.23532526 -0.06480694 -0.19348401 -0.07624382  0.02462307  0.00491227
 -0.00762609  0.11641954 -0.17213497  0.1548758  -0.08053066 -0.06262062
 -0.09122123  0.06195963 -0.00211306  0.03978835  0.07457825 -0.27206504
  0.14703166  0.078416   -0.05669189  0.15814549  0.02396946  0.00744239
  0.00393348  0.01480894 -0.1974951  -0.11449493  0.00340196 -0.01352451
  0.01450514 -0.03212849] sep ZeLjxY8XFnw-QHcJopmSl54ILGTsLN5FqFHSYeIsLcc sep [Type Name Here] 
[-0.18563488  0.05007093  0.02688405 -0.05824015 -0.05835996  0.02647411
 -0.06048801 -0.00848887  0.19359481 -0.16758361  0.13913509 -0.0365801
 -0.20391989  0.03830464 -0.04196969  0.11729969 -0.19994715 -0.19636369
 -0.04001881 -0.10370875  0.05228819  0.0070894  -0.03416501  0.10594085
 -0.23105797 -0.37831646 -0.046751   -0.14529464 -0.0063669  -0.09683987
 -0.03261978  0.06636469 -0.18153991  0.00251083  0.07023433  0.16223881
 -0.00965504 -0.02182126  0.19761662 -0.01509627 -0.20744057  0.02816886
  0.11420484  0.27946109  0.21439195  0.01178545 -0.02198268 -0.07791282
  0.23293026 -0.2854614   0.02436676  0.19936644  0.05975919  0.08730976
  0.17679919 -0.15414956  0.01104837  0.0551244  -0.15391177  0.00284583
 -0.05132031 -0.04471954 -0.02116602 -0.07317245  0.18051936  0.12165913
 -0.09837449 -0.17399666  0.26273099 -0.15652734 -0.00466863  0.11505458
 -0.1103339  -0.16779003 -0.18946153  0.01568981  0.390264    0.14410286
 -0.09276742  0.19190374 -0.02687479 -0.09144966 -0.02925228  0.14946453
 -0.07188927  0.07229263 -0.00879459  0.13026506  0.167716    0.04587688
  0.01778693  0.12758273 -0.02652771  0.0288677   0.1289459   0.07581165
 -0.24238183 -0.06180862 -0.21305969 -0.09202841  0.02986214  0.00208979
  0.00544336  0.12327993 -0.16629264  0.15902151 -0.08511575 -0.06154595
 -0.07412348  0.06416974  0.00248392  0.04100723  0.07141954 -0.27457446
  0.16114396  0.07373946 -0.03874594  0.15671109  0.03306955 -0.00397603
  0.01144838  0.01777787 -0.20317619 -0.10519934  0.00881636 -0.01955632
  0.01590684 -0.02971607] sep Q-9QH9rHafa_Q9evUfxadLCHVo0nGi7EZGg8hQlHAoc sep [Type Name Here] 
[-0.17311615  0.07972411  0.06362563 -0.04267716 -0.06080214  0.03030213
 -0.05714804 -0.02902541  0.21636064 -0.17172231  0.14397103 -0.03856432
 -0.21440701  0.04686583 -0.03674184  0.15223017 -0.16198066 -0.21305552
 -0.04043882 -0.09292606  0.08700528  0.02503917 -0.05596159  0.08166289
 -0.25007939 -0.35591465 -0.03618044 -0.13945785 -0.04344232 -0.07514126
 -0.05549982  0.04710094 -0.1839774   0.0120944   0.0846166   0.16417108
  0.00773932 -0.01620208  0.19059564 -0.03060028 -0.23534611  0.05232176
  0.12859052  0.25564009  0.20703697 -0.01992425 -0.02597412 -0.10024589
  0.22259206 -0.29997841  0.01687354  0.16469714  0.08284917  0.10343185
  0.17342602 -0.17344092  0.01637452  0.03950064 -0.16576992 -0.000958
 -0.02731843 -0.07953928 -0.03611748 -0.06800412  0.19121507  0.11721688
 -0.10223161 -0.17174412  0.20629972 -0.15384217  0.00140082  0.12660198
 -0.10703522 -0.16531633 -0.22622563  0.00754078  0.42047158  0.14235537
 -0.16511378  0.18020828 -0.02822789 -0.04770515 -0.00290554  0.11699921
 -0.05195365  0.09162898 -0.04279315  0.12445211  0.20958154  0.0071854
  0.02352912  0.14489436 -0.01145851  0.0443139   0.11060233  0.07703568
 -0.21871707 -0.10275286 -0.21707256 -0.10598115  0.00919443  0.01524966
 -0.00494048  0.11075358 -0.20609619  0.15983146 -0.0730686  -0.07687888
 -0.09706923  0.05956051 -0.00107671  0.05753854  0.08374471 -0.26385334
  0.1593402   0.06509665 -0.0485277   0.16211414  0.02529708 -0.01435799
 -0.02302528  0.01340641 -0.17616981 -0.10490526  0.02871791 -0.02032001
  0.06087538 -0.02336138] sep pFeOFVQBYiCp7zUWUuMhopPfiJSQ2TWsS1vyzSwGvwo sep [Type Name Here] 
[-1.69728771e-01  3.65677178e-02  3.41254510e-02 -6.03049919e-02
 -7.71827251e-02  2.03002244e-02 -7.44630024e-02 -1.31004127e-02
  2.16083840e-01 -1.50097981e-01  1.40534014e-01 -5.47782257e-02
 -1.80859670e-01  4.56132405e-02 -5.09456843e-02  1.43366203e-01
 -1.91237822e-01 -1.96161568e-01 -5.01804501e-02 -8.69937539e-02
  3.24592032e-02 -1.72367995e-03 -3.33708823e-02  1.26194477e-01
 -2.23565951e-01 -3.87647808e-01 -3.63138169e-02 -1.52491540e-01
 -2.60499939e-02 -1.14737801e-01 -3.21701765e-02  6.92317337e-02
 -1.88665882e-01 -1.09108016e-02  7.50597492e-02  1.83547795e-01
 -1.90123245e-02 -3.75700481e-02  2.03973696e-01 -1.80099793e-02
 -2.18820319e-01  2.68809423e-02  1.04962952e-01  2.66272753e-01
  1.98015317e-01  6.33923197e-03 -1.52013879e-02 -7.39267170e-02
  2.37459406e-01 -2.74768293e-01  9.11325216e-04  1.85293898e-01
  8.17108154e-02  9.32861418e-02  1.62162319e-01 -1.66807383e-01
  2.28257831e-02  5.36073893e-02 -1.59910947e-01  4.87232814e-04
 -6.65708929e-02 -4.59483489e-02 -1.36308791e-02 -6.70245290e-02
  1.94355801e-01  1.36159301e-01 -9.61433575e-02 -1.51355579e-01
  2.64495134e-01 -1.37127459e-01  4.48440108e-03  1.04395911e-01
 -1.19686507e-01 -1.78508222e-01 -2.09211946e-01 -1.24438591e-02
  4.07533824e-01  1.14798270e-01 -1.53097883e-01  1.35578051e-01
 -1.51491221e-02 -7.12923408e-02 -4.28246707e-02  1.54415265e-01
 -6.44113868e-02  7.43680000e-02 -2.04843786e-02  1.15524173e-01
  1.76661968e-01  2.87863687e-02  1.65613778e-02  1.03189215e-01
 -1.14803202e-02  3.30599397e-02  1.21189065e-01  8.43751132e-02
 -2.28753716e-01 -6.08354658e-02 -2.18711197e-01 -7.67522156e-02
  1.49501637e-02  1.98970046e-02 -7.25772372e-03  1.16286419e-01
 -1.62388757e-01  1.65608987e-01 -5.69824092e-02 -9.01088715e-02
 -9.87604037e-02  9.61938575e-02  2.14474741e-03  2.10846253e-02
  9.46517885e-02 -2.55291134e-01  1.72206983e-01  9.37272608e-02
 -4.76281047e-02  1.70042619e-01 -1.97308138e-04  1.29520502e-02
 -8.85301176e-03  2.85719447e-02 -1.73925564e-01 -1.15866452e-01
 -1.16459969e-02 -1.03633245e-02  1.47337941e-02 -2.29226183e-02] sep tnLjwlYsjebF_SL0H2Wt7jqGvBBauchC3AL7A7e0msw sep [Type Name Here] 
[-1.85032874e-01  8.72572586e-02  7.52112046e-02 -4.68109474e-02
 -1.19283058e-01  4.31698300e-02 -6.78131133e-02 -2.83356756e-02
  2.37904787e-01 -1.32577628e-01  1.51639953e-01  3.55034135e-04
 -1.94852531e-01  7.74772689e-02 -6.14430308e-02  1.42037600e-01
 -1.67924613e-01 -1.69857472e-01 -5.77665344e-02 -1.04031950e-01
  1.07563501e-02  2.46841293e-02  1.77459989e-03  8.45357925e-02
 -2.23061159e-01 -3.47631007e-01 -2.68823542e-02 -1.30818292e-01
 -2.14068647e-02 -8.98310989e-02 -3.92125435e-02  5.10438234e-02
 -1.87249288e-01 -6.30622543e-03  8.26174170e-02  1.37032300e-01
 -5.61527796e-02 -3.40470858e-02  2.03597918e-01 -3.65986563e-02
 -2.49294624e-01  2.32615527e-02  1.23798683e-01  2.51816005e-01
  2.13083565e-01  9.30437166e-03  2.40915269e-03 -1.03307277e-01
  2.36196697e-01 -2.71569043e-01  8.18231627e-02  2.00349286e-01
  7.87708089e-02  4.98678237e-02  1.73436180e-01 -1.91099241e-01
 -8.05732794e-03  1.11035034e-01 -1.27633646e-01  2.37573050e-02
  3.47492807e-02  8.46543349e-03 -6.04351386e-02 -5.95317744e-02
  1.66339666e-01  1.68374807e-01 -1.12839833e-01 -1.84750915e-01
  2.24083111e-01 -1.23057529e-01  2.77670100e-02  1.48672566e-01
 -1.47051170e-01 -2.25209683e-01 -1.67132840e-01  3.33306938e-02
  4.25919384e-01  1.18698969e-01 -1.02358408e-01  1.05324782e-01
 -3.09858797e-03 -2.27338858e-02 -1.08213127e-02  1.49795592e-01
 -9.52187330e-02  2.67919861e-02 -5.97468298e-03  1.19914651e-01
  1.61053181e-01  3.46168093e-02 -2.19506398e-03  1.43982932e-01
 -5.58629632e-03 -2.14352421e-02  5.98955527e-02  9.58686695e-02
 -2.11553186e-01 -2.41596475e-02 -2.03932881e-01 -7.49003440e-02
  5.03839403e-02  2.92794779e-02 -3.10630538e-04  1.14372037e-01
 -1.80771858e-01  1.40416071e-01 -8.17481950e-02 -2.63145380e-02
 -4.84615453e-02  3.61081995e-02 -9.16123576e-03  2.85962336e-02
  9.69730169e-02 -2.52971262e-01  1.78159758e-01  5.79749569e-02
 -6.38236105e-02  1.50458559e-01  4.34386246e-02  1.89142283e-02
  6.17796592e-02  1.93724893e-02 -1.82061628e-01 -8.34843367e-02
  2.72513404e-02 -6.15228564e-02  2.72140075e-02 -3.12161036e-02] sep J7QWQElbkNVybq2dAJKK_i7GslzeXFUs-faT9DMR2jg sep [Type Name Here] 
[-0.17971715  0.02184466  0.05318329 -0.06956588 -0.0806817   0.03610319
 -0.06549705  0.00954235  0.19814979 -0.1474178   0.12139974 -0.04220532
 -0.18556434  0.04843882 -0.03075532  0.1394438  -0.17647371 -0.1947802
 -0.06837935 -0.08796904  0.04718405  0.0110727  -0.03947276  0.12775002
 -0.23175342 -0.35192436 -0.05435432 -0.14346768 -0.02118964 -0.12149382
 -0.0448223   0.03836103 -0.18944517 -0.02245729  0.08422473  0.17007262
 -0.00192092 -0.05581535  0.21620733 -0.02962046 -0.227009    0.03817846
  0.13956288  0.25338122  0.22151905  0.01565328 -0.02665867 -0.07068726
  0.26020631 -0.29900894  0.04311904  0.18358721  0.0904094   0.09303083
  0.16917229 -0.16305566  0.02936726  0.07187819 -0.16789253  0.00699975
 -0.03587177 -0.03689623 -0.01118604 -0.06481197  0.18950696  0.12951672
 -0.10763045 -0.18737885  0.24299817 -0.14442189  0.01431017  0.12677369
 -0.13279498 -0.1608104  -0.21740505  0.01682627  0.40018886  0.11855731
 -0.13477094  0.15600181 -0.03644546 -0.06363244 -0.04992504  0.13206951
 -0.06640039  0.06375499 -0.01105148  0.12550041  0.19086379  0.03925767
  0.03008058  0.12229824  0.00269742  0.00872762  0.12025706  0.09561035
 -0.22404762 -0.0748744  -0.21018176 -0.0549646   0.02715901  0.0248226
  0.01421366  0.12756401 -0.18410192  0.15920904 -0.08834882 -0.0861934
 -0.09790404  0.05956001 -0.03699249  0.03556273  0.09633043 -0.2686919
  0.15201606  0.06982432 -0.0472466   0.1351909   0.02363395  0.02130223
  0.00389826  0.03657551 -0.18140626 -0.10143192  0.02873832 -0.02790979
  0.03849045 -0.01363357] sep wpYZtuio34yFIBeKtJUZPehlr-CEf_cvVGL3Poo9gGI sep [Type Name Here] 
